0.4026182709498083
3.146128035678238
1.104735350520013
0.6547663418439654
2.0321846833714012
3.146128035678238
1.3072789449409827
3.146128035678238
2.3679767852945943
2.6690067809585756
2.191885526238913
3.146128035678238
2.104735350520013
2.191885526238913
2.3679767852945943
2.845098040014257
3.146128035678238
3.146128035678238
1.6690067809585756
3.146128035678238
3.146128035678238
1.915679114299964
2.845098040014257
3.146128035678238
2.3679767852945943
2.0
2.104735350520013
1.5026753591920505
2.2430380486862944
1.2323141832945215
3.146128035678238
2.6690067809585756
0.996908923022858
1.2653144433974468
2.6690067809585756
1.6020599913279623
2.5440680443502757
2.0
2.845098040014257
3.146128035678238
1.4648867983026508
3.146128035678238
1.4929155219028944
3.146128035678238
3.146128035678238
0.3392700061594206
1.375276024036094
2.0321846833714012
1.5333441789585025
2.4471580313422194
0.17858005945937594
2.5440680443502757
2.2430380486862944
1.1375278639163204
2.845098040014257
1.1638568026386695
1.6547663418439653
2.4471580313422194
1.845098040014257
1.8239087409443189
3.146128035678238
2.845098040014257
3.146128035678238
2.104735350520013
3.146128035678238
2.6690067809585756
2.4471580313422194
3.146128035678238
2.3010299956639813
3.146128035678238
1.915679114299964
1.7481880270062005
3.146128035678238
1.7844001996606451
2.845098040014257
2.845098040014257
2.845098040014257
3.146128035678238
3.146128035678238
3.146128035678238
0.8343741746224838
3.146128035678238
3.146128035678238
0.9502283832690043
3.146128035678238
1.9420080530223132
1.7147642715192508
1.9420080530223132
2.5440680443502757
2.5440680443502757
3.146128035678238
3.146128035678238
3.146128035678238
1.4471580313422192
2.845098040014257
2.845098040014257
2.5440680443502757
2.5440680443502757
3.146128035678238
1.1249387366083
1.6989700043360187
2.5440680443502757
3.146128035678238
0.31425826139773627
3.146128035678238
2.3010299956639813
0.7769121782680952
0.8884494608090535
1.8239087409443189
1.7147642715192508
3.146128035678238
2.191885526238913
2.191885526238913
0.6020599913279624
3.146128035678238
1.3399480616943509
3.146128035678238
2.3679767852945943
1.3467874862246563
3.146128035678238
3.146128035678238
3.146128035678238
3.146128035678238
1.6690067809585756
3.146128035678238
3.146128035678238
2.3010299956639813
3.146128035678238
0.03587511832483499
2.845098040014257
2.104735350520013
2.5440680443502757
3.146128035678238
2.3679767852945943
3.146128035678238
1.915679114299964
1.430124692043439
3.146128035678238
3.146128035678238
3.146128035678238
1.8037053548560318
0.9758663202832807
1.0157942671832318
2.3679767852945943
0.6575773191777938
1.5550634286517389
1.9420080530223132
1.3537363461799843
1.4929155219028944
3.146128035678238
3.146128035678238
1.9420080530223132
2.845098040014257
1.845098040014257
1.9700367766225568
2.845098040014257
1.5898255349109507
2.4471580313422194
2.6690067809585756
2.845098040014257
2.845098040014257
2.2430380486862944
3.146128035678238
1.4833702039966639
0.9234115645306548
1.6547663418439653
2.191885526238913
2.5440680443502757
1.8037053548560318
2.4471580313422194
1.3979400086720377
2.4471580313422194
0.7067953418479753
0.7464543141971999
1.1332908109730657
3.146128035678238
1.3467874862246563
3.146128035678238
2.2430380486862944
0.7881931886777843
2.845098040014257
1.282805175557782
2.845098040014257
2.845098040014257
3.146128035678238
0.8650946684305105
2.845098040014257
3.146128035678238
3.146128035678238
3.146128035678238
3.146128035678238
1.9700367766225568
2.104735350520013
2.6690067809585756
2.5440680443502757
2.845098040014257
1.765916793966632
2.845098040014257
2.5440680443502757
1.0854301953246264
3.146128035678238
2.845098040014257
3.146128035678238
2.6690067809585756
2.6690067809585756
2.066946789630613
3.146128035678238
1.4929155219028944
2.066946789630613
3.146128035678238
1.146128035678238
1.845098040014257
2.845098040014257
1.915679114299964
0.585026652029182
0.5874194651450723
0.8407766662316143
2.6690067809585756
3.146128035678238
1.5550634286517389
1.1823402083326828
1.4929155219028944
0.5910335870999189
0.5922450090343637
3.146128035678238
0.010995384301463145
1.1918855262389132
2.146128035678238
1.2653144433974468
3.146128035678238
1.375276024036094
2.191885526238913
2.3010299956639813
2.845098040014257
0.1748521869401328
0.8932750046983449
2.845098040014257
2.845098040014257
1.375276024036094
2.845098040014257
1.4929155219028944
2.0321846833714012
3.146128035678238
2.6690067809585756
2.2430380486862944
2.2430380486862944
0.5663444390614278
1.8037053548560318
2.0
2.066946789630613
2.4471580313422194
2.5440680443502757
3.146128035678238
3.146128035678238
3.146128035678238
2.4471580313422194
2.146128035678238
1.2887955392469694
3.146128035678238
2.6690067809585756
3.146128035678238
2.0
2.845098040014257
2.4471580313422194
1.3200532329774117
3.146128035678238
0.7844001996606452
1.1127042801912883
3.146128035678238
3.146128035678238
3.146128035678238
2.2430380486862944
2.845098040014257
1.5228787452803376
3.146128035678238
1.1087015377376144
1.2948696869591627
1.8239087409443189
1.5126595800986515
1.0969100130080565
2.104735350520013
3.146128035678238
1.5898255349109507
1.4740301777425207
2.4471580313422194
1.5898255349109507
2.3679767852945943
2.4471580313422194
2.6690067809585756
1.845098040014257
2.5440680443502757
2.845098040014257
3.146128035678238
3.146128035678238
1.2016453635280693
2.845098040014257
2.146128035678238
2.845098040014257
1.2376430167995882
3.146128035678238
2.845098040014257
1.5333441789585025
1.73115468770742
3.146128035678238
3.146128035678238
2.146128035678238
0.5922450090343637
0.630254191966559
1.003113235424143
2.845098040014257
3.146128035678238
1.4385578595803017
2.845098040014257
0.007825337511956526
1.5026753591920505
2.3679767852945943
3.146128035678238
3.146128035678238
3.146128035678238
2.6690067809585756
3.146128035678238
1.890855530574932
1.765916793966632
3.146128035678238
1.7844001996606451
2.066946789630613
2.845098040014257
3.146128035678238
2.5440680443502757
2.0321846833714012
3.146128035678238
3.146128035678238
2.845098040014257
0.78629255333835
3.146128035678238
1.1332908109730657
1.5440680443502757
3.146128035678238
3.146128035678238
3.146128035678238
2.4471580313422194
1.915679114299964
2.845098040014257
2.066946789630613
3.146128035678238
2.6690067809585756
1.360798200667471
1.430124692043439
2.3679767852945943
3.146128035678238
1.867374434725409
1.867374434725409
2.6690067809585756
2.0
2.845098040014257
1.2116295844346703
1.3537363461799843
1.915679114299964
1.3200532329774117
3.146128035678238
1.845098040014257
2.6690067809585756
3.146128035678238
3.146128035678238
2.6690067809585756
2.6690067809585756
3.146128035678238
1.360798200667471
3.146128035678238
2.5440680443502757
2.5440680443502757
2.6690067809585756
3.146128035678238
0.38045948091922394
3.146128035678238
3.146128035678238
3.146128035678238
3.146128035678238
3.146128035678238
3.146128035678238
2.6690067809585756
1.9420080530223132
3.146128035678238
1.7844001996606451
3.146128035678238
1.73115468770742
3.146128035678238
2.6690067809585756
2.6690067809585756
2.845098040014257
2.845098040014257
3.146128035678238
3.146128035678238
3.146128035678238
2.3010299956639813
2.3010299956639813
3.146128035678238
3.146128035678238
1.6276140958003504
2.0321846833714012
1.9700367766225568
2.4471580313422194
3.146128035678238
3.146128035678238
2.066946789630613
2.2430380486862944
2.0321846833714012
2.4471580313422194
3.146128035678238
3.146128035678238
3.146128035678238
2.2430380486862944
3.146128035678238
1.045757490560675
2.845098040014257
2.6690067809585756
3.146128035678238
2.191885526238913
2.2430380486862944
2.3010299956639813
0.6882461389442457
2.845098040014257
3.146128035678238
3.146128035678238
2.845098040014257
2.5440680443502757
2.6690067809585756
2.3679767852945943
3.146128035678238
2.845098040014257
2.066946789630613
2.6690067809585756
2.845098040014257
3.146128035678238
2.6690067809585756
3.146128035678238
2.845098040014257
0.4712668949404265
0.4852625576743688
1.7147642715192508
3.146128035678238
2.845098040014257
1.765916793966632
2.6690067809585756
3.146128035678238
2.6690067809585756
2.3010299956639813
3.146128035678238
2.6690067809585756
3.146128035678238
2.845098040014257
2.0321846833714012
2.4471580313422194
2.845098040014257
3.146128035678238
2.6690067809585756
1.3265841001363694
1.5550634286517389
3.146128035678238
2.2430380486862944
2.6690067809585756
2.2430380486862944
2.845098040014257
2.6690067809585756
2.845098040014257
3.146128035678238
2.3010299956639813
3.146128035678238
2.3679767852945943
2.6690067809585756
1.1087015377376144
3.146128035678238
2.3010299956639813
2.845098040014257
2.6690067809585756
3.146128035678238
3.146128035678238
3.146128035678238
2.2430380486862944
3.146128035678238
3.146128035678238
3.146128035678238
3.146128035678238
2.845098040014257
2.5440680443502757
2.845098040014257
3.146128035678238
2.191885526238913
2.845098040014257
2.3679767852945943
3.146128035678238
3.146128035678238
3.146128035678238
2.845098040014257
3.10321186410416E-4
3.146128035678238
0.4639829593044063
2.845098040014257
0.6355830254716258
2.3010299956639813
2.104735350520013
2.146128035678238
2.3679767852945943
1.915679114299964
2.4471580313422194
1.8239087409443189
3.146128035678238
3.146128035678238
3.146128035678238
2.845098040014257
1.9420080530223132
1.577926311611243
2.104735350520013
2.0
2.845098040014257
3.146128035678238
3.146128035678238
3.146128035678238
3.146128035678238
2.2430380486862944
3.146128035678238
2.0321846833714012
2.5440680443502757
3.146128035678238
1.2653144433974468
3.146128035678238
3.146128035678238
2.845098040014257
2.191885526238913
0.5838351712217633
2.4471580313422194
3.146128035678238
3.146128035678238
2.5440680443502757
2.845098040014257
3.146128035678238
3.146128035678238
2.845098040014257
1.0492180226701815
2.3679767852945943
2.5440680443502757
2.5440680443502757
2.4471580313422194
2.6690067809585756
3.146128035678238
0.6748363246192994
3.146128035678238
1.5228787452803376
2.6690067809585756
3.146128035678238
3.146128035678238
1.276896315947262
2.0321846833714012
3.146128035678238
2.146128035678238
3.146128035678238
3.146128035678238
1.045757490560675
2.6690067809585756
2.4471580313422194
3.146128035678238
3.146128035678238
2.5440680443502757
1.0423243147222812
1.9700367766225568
2.0
2.066946789630613
3.146128035678238
0.8301576902213202
0.8673744347254091
0.9105995887706891
3.146128035678238
1.867374434725409
1.6409780573583321
3.146128035678238
3.146128035678238
1.765916793966632
1.421852166077449
1.5550634286517389
3.146128035678238
2.6690067809585756
2.6690067809585756
3.146128035678238
3.146128035678238
3.146128035678238
2.4471580313422194
2.845098040014257
3.146128035678238
3.146128035678238
3.146128035678238
2.6690067809585756
1.915679114299964
2.104735350520013
3.146128035678238
2.4471580313422194
1.3827000421153008
1.915679114299964
1.7844001996606451
2.3010299956639813
2.191885526238913
2.845098040014257
3.146128035678238
0.9758663202832807
1.0255541044723882
2.845098040014257
3.146128035678238
1.6989700043360187
1.73115468770742
3.146128035678238
2.845098040014257
2.3679767852945943
2.5440680443502757
2.845098040014257
2.6690067809585756
2.845098040014257
1.6690067809585756
3.146128035678238
2.6690067809585756
1.2887955392469694
1.5333441789585025
2.4471580313422194
2.6690067809585756
3.146128035678238
3.146128035678238
1.7844001996606451
3.146128035678238
2.066946789630613
2.3679767852945943
3.146128035678238
1.1684044303893903
2.6690067809585756
2.5440680443502757
3.146128035678238
3.146128035678238
2.845098040014257
2.845098040014257
0.025554104472388137
3.146128035678238
3.146128035678238
3.146128035678238
3.146128035678238
2.6690067809585756
2.845098040014257
0.7997750612275994
3.146128035678238
3.146128035678238
2.2430380486862944
2.0321846833714012
3.146128035678238
2.845098040014257
2.845098040014257
2.146128035678238
2.146128035678238
2.4471580313422194
3.146128035678238
3.146128035678238
1.73115468770742
3.146128035678238
1.0705810742857074
2.104735350520013
3.146128035678238
3.146128035678238
2.845098040014257
3.146128035678238
3.146128035678238
2.3679767852945943
2.5440680443502757
2.4471580313422194
1.765916793966632
2.3010299956639813
2.845098040014257
2.6690067809585756
1.9420080530223132
3.146128035678238
0.595899682623144
1.0288567400224737
2.3679767852945943
2.6690067809585756
2.845098040014257
3.146128035678238
2.5440680443502757
2.3679767852945943
2.6690067809585756
1.2016453635280693
1.7481880270062005
2.066946789630613
3.146128035678238
1.3537363461799843
1.5898255349109507
1.8037053548560318
3.146128035678238
2.5440680443502757
0.6882461389442457
3.146128035678238
3.146128035678238
1.845098040014257
2.3010299956639813
2.3679767852945943
1.0597682050034898
2.3010299956639813
2.5440680443502757
1.6547663418439653
1.4385578595803017
3.146128035678238
1.3467874862246563
2.845098040014257
1.4833702039966639
1.4137342758552696
3.146128035678238
3.146128035678238
2.3679767852945943
2.5440680443502757
3.146128035678238
2.3679767852945943
0.6289321377282637
0.9557963375079466
3.146128035678238
3.146128035678238
3.146128035678238
1.0816700464513196
2.6690067809585756
3.146128035678238
1.2596373105057561
2.4471580313422194
1.9420080530223132
2.5440680443502757
2.845098040014257
2.104735350520013
3.146128035678238
2.845098040014257
2.845098040014257
1.3467874862246563
3.146128035678238
2.5440680443502757
1.867374434725409
1.6020599913279623
3.146128035678238
1.8037053548560318
1.7844001996606451
0.5779263116112431
0.9614366048606392
3.146128035678238
1.2485009443877966
3.146128035678238
0.7844001996606452
3.146128035678238
0.8884494608090535
3.146128035678238
3.146128035678238
2.845098040014257
2.2430380486862944
2.3679767852945943
2.104735350520013
2.191885526238913
1.5550634286517389
3.146128035678238
2.066946789630613
1.5333441789585025
2.6690067809585756
3.146128035678238
2.5440680443502757
3.146128035678238
1.2430380486862944
2.104735350520013
1.915679114299964
2.4471580313422194
3.146128035678238
2.4471580313422194
2.146128035678238
1.73115468770742
1.375276024036094
2.845098040014257
1.5228787452803376
2.0
1.577926311611243
1.4740301777425207
3.146128035678238
2.191885526238913
2.3010299956639813
2.146128035678238
3.146128035678238
3.146128035678238
1.3136191229720018
1.9700367766225568
3.146128035678238
2.6690067809585756
1.5898255349109507
1.9700367766225568
3.146128035678238
1.765916793966632
3.146128035678238
1.915679114299964
3.146128035678238
2.0321846833714012
3.146128035678238
1.2596373105057561
2.3679767852945943
1.2323141832945215
3.146128035678238
1.0969100130080565
2.6690067809585756
2.4471580313422194
2.845098040014257
2.3679767852945943
3.146128035678238
3.146128035678238
2.845098040014257
2.146128035678238
3.146128035678238
3.146128035678238
1.0705810742857074
2.191885526238913
3.146128035678238
3.146128035678238
2.4471580313422194
2.6690067809585756
1.7481880270062005
3.146128035678238
1.9420080530223132
1.2116295844346703
2.845098040014257
2.845098040014257
2.3679767852945943
3.146128035678238
2.845098040014257
1.3136191229720018
3.146128035678238
0.7605217620799258
2.4471580313422194
1.6690067809585756
3.146128035678238
3.146128035678238
2.845098040014257
3.146128035678238
2.066946789630613
1.8239087409443189
1.282805175557782
1.9420080530223132
3.146128035678238
2.5440680443502757
1.0854301953246264
3.146128035678238
2.2430380486862944
2.4471580313422194
2.845098040014257
2.2430380486862944
2.3010299956639813
3.146128035678238
2.5440680443502757
3.146128035678238
2.3010299956639813
3.146128035678238
3.146128035678238
1.6547663418439653
3.146128035678238
0.9420080530223133
1.4740301777425207
2.6690067809585756
2.6690067809585756
2.6690067809585756
0.7115591316440394
2.5440680443502757
2.4471580313422194
3.146128035678238
2.845098040014257
3.146128035678238
1.9700367766225568
2.4471580313422194
0.7939455175668756
3.146128035678238
1.2016453635280693
0.0
2.2430380486862944
3.146128035678238
3.146128035678238
2.191885526238913
1.5228787452803376
3.146128035678238
3.146128035678238
2.845098040014257
2.0321846833714012
3.146128035678238
3.146128035678238
2.845098040014257
3.146128035678238
0.8136895757626327
2.4471580313422194
2.845098040014257
3.146128035678238
2.4471580313422194
0.05410956492544103
2.3010299956639813
1.2596373105057561
2.3010299956639813
3.146128035678238
2.845098040014257
3.146128035678238
1.915679114299964
1.915679114299964
2.4471580313422194
3.146128035678238
2.845098040014257
2.845098040014257
3.146128035678238
3.146128035678238
2.6690067809585756
3.146128035678238
1.1967380290333252
2.845098040014257
1.8239087409443189
2.6690067809585756
2.6690067809585756
3.146128035678238
3.146128035678238
2.5440680443502757
2.845098040014257
3.146128035678238
1.282805175557782
2.3010299956639813
2.845098040014257
1.3332146790353825
1.890855530574932
3.146128035678238
1.2218487496163564
2.845098040014257
1.4740301777425207
1.1918855262389132
2.845098040014257
3.146128035678238
1.2430380486862944
3.146128035678238
2.4471580313422194
3.146128035678238
3.146128035678238
3.146128035678238
2.191885526238913
3.146128035678238
3.146128035678238
3.146128035678238
1.6547663418439653
2.6690067809585756
3.146128035678238
1.5333441789585025
2.2430380486862944
3.146128035678238
2.3010299956639813
1.1967380290333252
3.146128035678238
1.2270499433021642
1.6276140958003504
2.146128035678238
2.4471580313422194
0.9055787873956384
3.146128035678238
3.146128035678238
2.6690067809585756
3.146128035678238
2.191885526238913
0.8280647007154764
3.146128035678238
2.845098040014257
2.3679767852945943
0.958607314841775
1.6276140958003504
1.003113235424143
1.6989700043360187
3.146128035678238
2.845098040014257
2.2430380486862944
2.845098040014257
1.73115468770742
1.1249387366083
2.2430380486862944
2.4471580313422194
0.6807451842298197
3.146128035678238
2.845098040014257
3.146128035678238
2.845098040014257
2.845098040014257
0.7311546877074201
1.73115468770742
2.2430380486862944
2.146128035678238
2.191885526238913
3.146128035678238
3.146128035678238
3.146128035678238
2.146128035678238
1.2270499433021642
1.2376430167995882
2.6690067809585756
2.845098040014257
2.3679767852945943
3.146128035678238
3.146128035678238
3.146128035678238
0.7020832397601617
1.1290946963794577
1.6020599913279623
1.8239087409443189
1.5663444390614278
1.890855530574932
2.6690067809585756
3.146128035678238
3.146128035678238
0.721246399047171
0.7481880270062004
1.890855530574932
2.0
2.6690067809585756
3.146128035678238
3.146128035678238
0.9530034373237765
1.6020599913279623
3.146128035678238
3.146128035678238
2.845098040014257
2.845098040014257
2.191885526238913
2.845098040014257
2.3679767852945943
0.6342446746993636
2.845098040014257
2.3010299956639813
2.845098040014257
1.8239087409443189
2.3010299956639813
2.6690067809585756
1.9420080530223132
2.2430380486862944
3.146128035678238
0.7131587448038323
3.146128035678238
2.0
3.146128035678238
3.146128035678238
3.146128035678238
3.146128035678238
1.276896315947262
2.5440680443502757
3.146128035678238
2.845098040014257
3.146128035678238
3.146128035678238
1.845098040014257
1.5333441789585025
3.146128035678238
1.0854301953246264
3.146128035678238
2.104735350520013
2.845098040014257
2.5440680443502757
1.845098040014257
0.6033026087190582
1.3010299956639813
3.146128035678238
1.5228787452803376
1.5663444390614278
2.845098040014257
3.146128035678238
1.6837300377792819
2.5440680443502757
3.146128035678238
3.146128035678238
1.4833702039966639
2.3010299956639813
3.146128035678238
1.867374434725409
2.0
1.867374434725409
3.146128035678238
3.146128035678238
3.146128035678238
3.146128035678238
1.7481880270062005
2.6690067809585756
3.146128035678238
2.104735350520013
1.3136191229720018
2.6690067809585756
1.890855530574932
1.9420080530223132
1.0094074685218313
3.146128035678238
3.146128035678238
2.6690067809585756
1.845098040014257
1.9700367766225568
2.845098040014257
3.146128035678238
3.146128035678238
2.845098040014257
2.146128035678238
2.4471580313422194
2.4471580313422194
2.845098040014257
2.0321846833714012
3.146128035678238
3.146128035678238
3.146128035678238
2.5440680443502757
2.845098040014257
0.32395995631022056
2.104735350520013
2.5440680443502757
0.7534310824185723
1.0094074685218313
3.146128035678238
2.845098040014257
3.146128035678238
2.191885526238913
1.4559319556497243
2.845098040014257
3.146128035678238
3.146128035678238
0.7131587448038323
2.2430380486862944
0.7278267443584925
0.0
1.177645087124303
1.8037053548560318
1.867374434725409
0.43432080663704703
1.5440680443502757
3.146128035678238
3.146128035678238
1.9420080530223132
2.146128035678238
2.845098040014257
2.6690067809585756
2.5440680443502757
3.146128035678238
2.104735350520013
3.146128035678238
3.146128035678238
0.7659167939666319
3.146128035678238
2.845098040014257
3.146128035678238
3.146128035678238
0.8650946684305105
3.146128035678238
0.4419775188384389
3.146128035678238
0.7641109931033696
3.146128035678238
2.191885526238913
3.146128035678238
3.146128035678238
2.3679767852945943
3.146128035678238
1.2485009443877966
2.3679767852945943
3.146128035678238
1.271066772286538
3.146128035678238
2.6690067809585756
2.845098040014257
1.1823402083326828
1.3467874862246563
1.73115468770742
3.146128035678238
3.146128035678238
3.146128035678238
2.4471580313422194
1.867374434725409
3.146128035678238
2.6690067809585756
1.577926311611243
2.146128035678238
2.0
1.4833702039966639
3.146128035678238
2.191885526238913
3.146128035678238
2.3679767852945943
1.5898255349109507
2.3679767852945943
2.6690067809585756
2.5440680443502757
3.146128035678238
3.146128035678238
2.191885526238913
2.3679767852945943
2.845098040014257
1.7481880270062005
2.104735350520013
3.146128035678238
1.5228787452803376
1.3200532329774117
2.845098040014257
1.9420080530223132
0.6604066091966581
3.146128035678238
2.4471580313422194
2.5440680443502757
1.6989700043360187
2.5440680443502757
0.4559319556497244
3.146128035678238
3.146128035678238
3.146128035678238
3.146128035678238
1.150492841080688
2.845098040014257
2.845098040014257
3.146128035678238
1.614649118635983
3.146128035678238
2.845098040014257
3.146128035678238
3.146128035678238
2.845098040014257
3.146128035678238
3.146128035678238
1.890855530574932
3.146128035678238
3.146128035678238
2.5440680443502757
2.6690067809585756
2.6690067809585756
1.3010299956639813
1.6020599913279623
1.6020599913279623
1.4929155219028944
3.146128035678238
3.146128035678238
2.845098040014257
2.5440680443502757
3.146128035678238
1.430124692043439
2.0
2.3679767852945943
2.146128035678238
2.6690067809585756
3.146128035678238
3.146128035678238
0.31746813914291827
1.3979400086720377
0.5473375289151229
3.146128035678238
3.146128035678238
3.146128035678238
1.2066087830596195
3.146128035678238
1.2066087830596195
1.9700367766225568
1.4929155219028944
0.0043648054024501125
0.709965388637482
3.146128035678238
3.146128035678238
3.146128035678238
0.9447309113577865
2.4471580313422194
3.146128035678238
1.614649118635983
2.5440680443502757
1.845098040014257
2.845098040014257
1.3679767852945943
1.4471580313422192
1.1008050568915806
0.09729794914988799
1.867374434725409
0.6690067809585756
2.6690067809585756
3.146128035678238
3.146128035678238
2.104735350520013
3.146128035678238
1.3136191229720018
2.6690067809585756
1.271066772286538
1.8037053548560318
2.6690067809585756
2.191885526238913
2.3679767852945943
1.5898255349109507
2.845098040014257
2.845098040014257
3.146128035678238
1.0892231843417655
2.104735350520013
3.146128035678238
1.3399480616943509
1.0423243147222812
1.0816700464513196
2.066946789630613
1.9700367766225568
1.3467874862246563
2.845098040014257
2.0321846833714012
2.4471580313422194
1.8239087409443189
2.3679767852945943
2.6690067809585756
3.146128035678238
2.845098040014257
2.3679767852945943
1.7481880270062005
1.867374434725409
1.0779421739320765
1.6837300377792819
3.146128035678238
1.73115468770742
1.2653144433974468
1.5333441789585025
2.845098040014257
3.146128035678238
2.6690067809585756
0.5506318138526639
2.066946789630613
0.6437009156938054
1.765916793966632
2.191885526238913
1.7147642715192508
2.146128035678238
2.845098040014257
2.146128035678238
2.3679767852945943
2.5440680443502757
1.73115468770742
1.9420080530223132
3.146128035678238
1.9700367766225568
2.845098040014257
2.845098040014257
3.146128035678238
1.0190232373134305
1.1870866433571445
1.276896315947262
2.5440680443502757
1.73115468770742
2.3010299956639813
1.3010299956639813
3.146128035678238
2.0321846833714012
2.066946789630613
1.7481880270062005
0.8017357619931273
0.007509601778745537
2.3010299956639813
1.6989700043360187
2.845098040014257
1.845098040014257
2.3679767852945943
0.9208187539523752
1.0125891273080205
3.146128035678238
1.2540334329877576
1.5333441789585025
1.6409780573583321
1.5898255349109507
1.867374434725409
3.146128035678238
2.2430380486862944
2.066946789630613
1.8239087409443189
2.3010299956639813
2.3010299956639813
1.4648867983026508
2.3679767852945943
2.4471580313422194
2.0
3.146128035678238
2.4471580313422194
1.7844001996606451
1.8239087409443189
1.73115468770742
2.6690067809585756
3.146128035678238
2.066946789630613
1.4648867983026508
3.146128035678238
3.146128035678238
2.5440680443502757
2.845098040014257
2.845098040014257
2.146128035678238
3.146128035678238
2.845098040014257
2.2430380486862944
2.3010299956639813
3.146128035678238
0.2031284423121975
2.5440680443502757
3.146128035678238
2.845098040014257
0.9286440914643317
2.5440680443502757
2.845098040014257
1.1332908109730657
2.5440680443502757
1.1870866433571445
2.6690067809585756
2.3010299956639813
2.3679767852945943
2.845098040014257
0.6276140958003505
1.360798200667471
3.146128035678238
1.6409780573583321
1.845098040014257
3.146128035678238
3.146128035678238
0.9156791142999641
3.146128035678238
2.5440680443502757
1.845098040014257
3.146128035678238
0.9156791142999641
3.146128035678238
3.146128035678238
2.0321846833714012
1.8037053548560318
1.5126595800986515
3.146128035678238
0.13329081097306583
2.3679767852945943
2.3010299956639813
1.890855530574932
2.3010299956639813
3.146128035678238
0.8932750046983449
3.146128035678238
1.614649118635983
1.8239087409443189
2.104735350520013
0.9671510883850686
1.0854301953246264
3.146128035678238
2.5440680443502757
3.146128035678238
2.845098040014257
0.30917129861868764
2.845098040014257
2.5440680443502757
1.8037053548560318
2.3679767852945943
0.9700367766225568
3.146128035678238
3.146128035678238
1.4137342758552696
1.845098040014257
2.0
2.6690067809585756
2.845098040014257
3.146128035678238
1.1823402083326828
2.4471580313422194
1.2596373105057561
1.765916793966632
0.9131319252860842
3.146128035678238
1.6837300377792819
2.2430380486862944
2.845098040014257
2.845098040014257
3.146128035678238
2.5440680443502757
2.3679767852945943
3.146128035678238
0.35584287164499634
2.3679767852945943
2.104735350520013
2.066946789630613
0.978810700930062
1.1549019599857433
1.867374434725409
2.4471580313422194
3.146128035678238
2.845098040014257
1.4648867983026508
3.146128035678238
2.6690067809585756
3.146128035678238
0.6355830254716258
3.146128035678238
1.2430380486862944
3.146128035678238
1.9420080530223132
1.890855530574932
3.146128035678238
3.146128035678238
2.5440680443502757
1.867374434725409
2.845098040014257
3.146128035678238
1.867374434725409
2.104735350520013
3.146128035678238
3.146128035678238
0.7806400507873383
2.845098040014257
1.8037053548560318
3.146128035678238
2.845098040014257
1.890855530574932
2.3679767852945943
2.3010299956639813
1.3979400086720377
2.2430380486862944
1.2218487496163564
3.146128035678238
3.146128035678238
2.5440680443502757
2.5440680443502757
1.614649118635983
3.146128035678238
2.0321846833714012
3.146128035678238
2.6690067809585756
3.146128035678238
2.6690067809585756
0.6748363246192994
2.2430380486862944
2.5440680443502757
1.2653144433974468
2.4471580313422194
1.5126595800986515
0.8836769459478085
1.6837300377792819
3.146128035678238
2.845098040014257
1.9420080530223132
1.8037053548560318
1.8239087409443189
3.146128035678238
1.9700367766225568
0.010041938294140603
0.7311546877074201
2.4471580313422194
2.191885526238913
2.4471580313422194
2.2430380486862944
2.6690067809585756
2.3010299956639813
3.146128035678238
2.6690067809585756
3.146128035678238
3.146128035678238
2.191885526238913
1.5663444390614278
2.3010299956639813
3.146128035678238
2.5440680443502757
2.3679767852945943
2.6690067809585756
1.9700367766225568
3.146128035678238
3.146128035678238
0.6289321377282637
2.3679767852945943
3.146128035678238
2.845098040014257
3.146128035678238
1.276896315947262
1.4471580313422192
3.146128035678238
3.146128035678238
2.845098040014257
3.146128035678238
1.4559319556497243
3.146128035678238
3.146128035678238
0.4712668949404265
0.5584170706593267
2.3679767852945943
3.146128035678238
2.2430380486862944
2.104735350520013
2.4471580313422194
3.146128035678238
3.146128035678238
0.7641109931033696
3.146128035678238
3.146128035678238
2.6690067809585756
1.0094074685218313
3.146128035678238
3.146128035678238
3.146128035678238
3.146128035678238
3.146128035678238
1.4929155219028944
1.066946789630613
2.6690067809585756
1.1087015377376144
2.3010299956639813
3.146128035678238
2.845098040014257
1.5126595800986515
2.845098040014257
2.845098040014257
1.2887955392469694
1.915679114299964
2.6690067809585756
3.146128035678238
3.146128035678238
3.146128035678238
2.6690067809585756
2.0321846833714012
2.066946789630613
3.146128035678238
1.0779421739320765
1.3136191229720018
2.146128035678238
1.7481880270062005
2.5440680443502757
2.6690067809585756
3.146128035678238
3.146128035678238
3.146128035678238
3.146128035678238
2.2430380486862944
3.146128035678238
1.577926311611243
2.191885526238913
1.6837300377792819
1.7481880270062005
3.146128035678238
2.845098040014257
1.845098040014257
2.4471580313422194
2.3679767852945943
2.845098040014257
2.0
2.845098040014257
3.146128035678238
2.845098040014257
0.0037385695594018865
0.19673802903332527
3.146128035678238
3.146128035678238
2.845098040014257
1.4740301777425207
3.146128035678238
3.146128035678238
1.7481880270062005
3.146128035678238
2.845098040014257
3.146128035678238
3.146128035678238
2.845098040014257
3.146128035678238
1.6837300377792819
3.146128035678238
2.146128035678238
3.146128035678238
2.845098040014257
3.146128035678238
3.146128035678238
2.845098040014257
2.191885526238913
2.6690067809585756
2.845098040014257
3.146128035678238
1.9420080530223132
3.146128035678238
2.5440680443502757
2.3679767852945943
3.146128035678238
3.146128035678238
3.146128035678238
3.146128035678238
3.146128035678238
2.5440680443502757
3.146128035678238
1.5026753591920505
3.146128035678238
0.6704568473538084
2.845098040014257
2.104735350520013
2.3679767852945943
2.4471580313422194
3.146128035678238
1.614649118635983
3.146128035678238
3.146128035678238
2.845098040014257
2.0321846833714012
2.6690067809585756
2.845098040014257
3.146128035678238
1.5663444390614278
2.6690067809585756
2.2430380486862944
1.6409780573583321
2.5440680443502757
3.146128035678238
1.6989700043360187
3.146128035678238
1.7481880270062005
2.845098040014257
2.4471580313422194
3.146128035678238
2.845098040014257
2.845098040014257
2.845098040014257
0.13498067490244053
0.8766150914603217
3.146128035678238
0.6464409530598342
3.146128035678238
1.1249387366083
3.146128035678238
2.066946789630613
3.146128035678238
1.73115468770742
2.6690067809585756
2.845098040014257
3.146128035678238
3.146128035678238
2.0321846833714012
3.146128035678238
3.146128035678238
3.146128035678238
3.146128035678238
1.765916793966632
1.8037053548560318
2.0321846833714012
3.146128035678238
2.6690067809585756
2.191885526238913
3.146128035678238
2.3010299956639813
1.915679114299964
3.146128035678238
1.6837300377792819
3.146128035678238
2.845098040014257
3.146128035678238
3.146128035678238
2.845098040014257
2.146128035678238
2.845098040014257
2.6690067809585756
2.2430380486862944
2.6690067809585756
3.146128035678238
3.146128035678238
1.9700367766225568
2.845098040014257
3.146128035678238
3.146128035678238
1.2948696869591627
3.146128035678238
2.6690067809585756
2.845098040014257
3.146128035678238
2.104735350520013
3.146128035678238
2.4471580313422194
1.104735350520013
3.146128035678238
3.146128035678238
3.146128035678238
3.146128035678238
2.146128035678238
2.5440680443502757
2.4471580313422194
2.6690067809585756
3.146128035678238
3.146128035678238
3.146128035678238
3.146128035678238
2.845098040014257
3.146128035678238
3.146128035678238
1.6837300377792819
2.191885526238913
2.5440680443502757
2.0321846833714012
3.146128035678238
2.104735350520013
2.6690067809585756
3.146128035678238
0.9847600334432631
3.146128035678238
2.5440680443502757
2.104735350520013
2.2430380486862944
2.5440680443502757
3.146128035678238
2.6690067809585756
3.146128035678238
0.3474773902329691
2.2430380486862944
2.845098040014257
1.4385578595803017
1.5898255349109507
1.6547663418439653
2.066946789630613
2.146128035678238
3.146128035678238
3.146128035678238
1.1684044303893903
2.5440680443502757
2.3010299956639813
1.7147642715192508
2.5440680443502757
3.146128035678238
1.282805175557782
3.146128035678238
2.3679767852945943
3.146128035678238
3.146128035678238
1.890855530574932
3.146128035678238
3.146128035678238
3.146128035678238
1.890855530574932
3.146128035678238
3.146128035678238
2.2430380486862944
1.765916793966632
2.4471580313422194
2.146128035678238
3.146128035678238
1.0125891273080205
1.7147642715192508
2.3010299956639813
1.1008050568915806
1.765916793966632
2.4471580313422194
3.146128035678238
3.146128035678238
3.146128035678238
1.5333441789585025
2.2430380486862944
3.146128035678238
2.5440680443502757
2.845098040014257
2.146128035678238
2.6690067809585756
3.146128035678238
3.146128035678238
3.146128035678238
3.146128035678238
3.146128035678238
3.146128035678238
1.6276140958003504
2.845098040014257
1.3200532329774117
3.146128035678238
2.6690067809585756
2.0
0.8157142623290472
2.2430380486862944
1.0562229242388401
2.845098040014257
1.066946789630613
3.146128035678238
3.146128035678238
2.845098040014257
2.845098040014257
2.104735350520013
2.5440680443502757
0.8259817495671841
2.3679767852945943
1.915679114299964
3.146128035678238
2.5440680443502757
1.3332146790353825
3.146128035678238
1.405765346183994
3.146128035678238
2.845098040014257
0.8116742845273072
2.4471580313422194
2.6690067809585756
3.146128035678238
3.146128035678238
2.2430380486862944
1.2887955392469694
3.146128035678238
2.4471580313422194
3.146128035678238
3.146128035678238
2.2430380486862944
2.845098040014257
2.191885526238913
2.3679767852945943
2.4471580313422194
2.6690067809585756
3.146128035678238
2.6690067809585756
1.1167442579930285
1.150492841080688
3.146128035678238
2.104735350520013
2.6690067809585756
2.845098040014257
1.1684044303893903
3.146128035678238
2.845098040014257
1.5026753591920505
0.5898255349109508
2.845098040014257
2.4471580313422194
2.845098040014257
3.146128035678238
1.1087015377376144
1.5126595800986515
3.146128035678238
3.146128035678238
1.8239087409443189
2.0
3.146128035678238
1.8037053548560318
3.146128035678238
2.845098040014257
3.146128035678238
2.191885526238913
2.845098040014257
3.146128035678238
2.4471580313422194
2.6690067809585756
2.3010299956639813
2.4471580313422194
2.5440680443502757
2.6690067809585756
2.6690067809585756
3.146128035678238
1.1730001820785394
1.6276140958003504
2.845098040014257
2.104735350520013
2.3010299956639813
2.3010299956639813
2.191885526238913
3.146128035678238
2.2430380486862944
2.5440680443502757
2.066946789630613
2.845098040014257
1.7481880270062005
2.845098040014257
2.6690067809585756
0.978810700930062
3.146128035678238
3.146128035678238
2.066946789630613
1.6989700043360187
3.146128035678238
3.146128035678238
2.845098040014257
3.146128035678238
0.6396230032733659
1.2270499433021642
3.146128035678238
3.146128035678238
2.6690067809585756
3.146128035678238
3.146128035678238
1.3332146790353825
2.2430380486862944
1.4385578595803017
3.146128035678238
2.3679767852945943
2.6690067809585756
3.146128035678238
3.146128035678238
2.0321846833714012
1.7844001996606451
2.845098040014257
1.5228787452803376
3.146128035678238
2.845098040014257
2.3679767852945943
3.146128035678238
1.6020599913279623
2.845098040014257
2.104735350520013
3.146128035678238
2.066946789630613
2.5440680443502757
3.146128035678238
2.6690067809585756
1.2430380486862944
1.8239087409443189
3.146128035678238
3.146128035678238
2.4471580313422194
2.3679767852945943
1.765916793966632
2.5440680443502757
0.632910435610299
1.276896315947262
3.146128035678238
3.146128035678238
1.146128035678238
2.6690067809585756
3.146128035678238
0.21517900451071498
1.9420080530223132
2.5440680443502757
3.146128035678238
3.146128035678238
2.104735350520013
2.2430380486862944
2.6690067809585756
2.5440680443502757
3.146128035678238
2.3679767852945943
2.0
2.845098040014257
3.146128035678238
2.845098040014257
3.146128035678238
2.191885526238913
2.066946789630613
3.146128035678238
2.0321846833714012
2.5440680443502757
2.3679767852945943
3.146128035678238
1.2323141832945215
0.2954818004951715
0.5239140127119427
3.146128035678238
2.845098040014257
3.146128035678238
3.146128035678238
2.845098040014257
3.146128035678238
1.1638568026386695
3.146128035678238
3.146128035678238
3.146128035678238
3.146128035678238
3.146128035678238
3.146128035678238
3.146128035678238
1.867374434725409
2.146128035678238
3.146128035678238
2.3679767852945943
3.146128035678238
2.3679767852945943
3.146128035678238
2.6690067809585756
2.845098040014257
3.146128035678238
3.146128035678238
2.3010299956639813
2.104735350520013
2.5440680443502757
2.6690067809585756
2.845098040014257
1.5333441789585025
1.9700367766225568
2.104735350520013
0.129930682165799
3.146128035678238
1.5663444390614278
3.146128035678238
3.146128035678238
2.191885526238913
2.6690067809585756
3.146128035678238
3.146128035678238
2.5440680443502757
2.845098040014257
2.6690067809585756
3.146128035678238
3.146128035678238
3.146128035678238
2.4471580313422194
3.146128035678238
2.5440680443502757
3.146128035678238
3.146128035678238
3.146128035678238
2.3010299956639813
3.146128035678238
2.2430380486862944
2.146128035678238
1.765916793966632
2.845098040014257
2.5440680443502757
3.146128035678238
3.146128035678238
2.146128035678238
3.146128035678238
1.0125891273080205
1.6547663418439653
1.1087015377376144
2.845098040014257
2.5440680443502757
1.8037053548560318
2.845098040014257
3.146128035678238
3.146128035678238
3.146128035678238
3.146128035678238
3.146128035678238
3.146128035678238
3.146128035678238
2.3679767852945943
0.0
0.05941237173335553
1.5440680443502757
1.6989700043360187
2.5440680443502757
3.146128035678238
2.146128035678238
3.146128035678238
1.5333441789585025
2.066946789630613
2.3679767852945943
3.146128035678238
1.3827000421153008
3.146128035678238
0.8177484322395003
0.8197921747494866
3.146128035678238
3.146128035678238
1.915679114299964
2.5440680443502757
3.146128035678238
1.7481880270062005
2.845098040014257
1.577926311611243
2.4471580313422194
3.146128035678238
0.7750601734065017
3.146128035678238
3.146128035678238
3.146128035678238
1.5550634286517389
3.146128035678238
2.5440680443502757
1.0389180660303696
2.845098040014257
3.146128035678238
0.7278267443584925
3.146128035678238
1.4833702039966639
2.845098040014257
1.5333441789585025
2.6690067809585756
3.146128035678238
2.4471580313422194
2.6690067809585756
1.421852166077449
0.5473375289151229
2.845098040014257
2.191885526238913
0.5116507655175064
0.9080819325494427
2.5440680443502757
1.6690067809585756
2.191885526238913
3.146128035678238
1.5440680443502757
1.8037053548560318
2.5440680443502757
2.845098040014257
2.845098040014257
3.146128035678238
3.146128035678238
1.177645087124303
1.1008050568915806
3.146128035678238
2.6690067809585756
3.146128035678238
1.0562229242388401
2.845098040014257
1.0742460283721127
3.146128035678238
1.5126595800986515
3.146128035678238
2.191885526238913
2.3679767852945943
0.0520064398376766
2.0321846833714012
3.146128035678238
3.146128035678238
3.146128035678238
3.146128035678238
3.146128035678238
1.271066772286538
1.915679114299964
2.4471580313422194
0.9729417672659639
3.146128035678238
0.8583263057480119
2.0
1.5550634286517389
2.845098040014257
1.7844001996606451
2.5440680443502757
1.0125891273080205
0.4506463591880406
2.845098040014257
3.146128035678238
0.7464543141971999
3.146128035678238
0.85609342431572
2.191885526238913
3.146128035678238
1.8239087409443189
2.845098040014257
2.5440680443502757
3.146128035678238
1.2270499433021642
1.8239087409443189
3.146128035678238
1.614649118635983
1.9420080530223132
2.066946789630613
1.73115468770742
3.146128035678238
0.851661809516645
2.845098040014257
1.045757490560675
2.845098040014257
3.146128035678238
1.2430380486862944
1.890855530574932
3.146128035678238
3.146128035678238
1.2167091099639453
2.191885526238913
2.5440680443502757
3.146128035678238
3.146128035678238
3.146128035678238
0.7769121782680952
2.2430380486862944
3.146128035678238
1.4740301777425207
3.146128035678238
3.146128035678238
2.845098040014257
3.146128035678238
2.4471580313422194
1.1638568026386695
1.7844001996606451
3.146128035678238
3.146128035678238
3.146128035678238
2.5440680443502757
0.22236607484953777
3.146128035678238
1.271066772286538
2.191885526238913
2.845098040014257
3.146128035678238
3.146128035678238
3.146128035678238
2.845098040014257
3.146128035678238
2.845098040014257
3.146128035678238
3.146128035678238
1.8037053548560318
2.6690067809585756
0.5076387787236007
2.845098040014257
3.146128035678238
3.146128035678238
9.316295640561368E-4
3.146128035678238
2.5440680443502757
0.5506318138526639
1.890855530574932
3.146128035678238
0.599585372200107
3.146128035678238
1.0062489492770015
2.6690067809585756
3.146128035678238
1.4648867983026508
1.845098040014257
3.146128035678238
2.845098040014257
3.146128035678238
3.146128035678238
2.0
3.146128035678238
2.845098040014257
1.282805175557782
2.845098040014257
3.146128035678238
0.6057985608873643
0.9671510883850686
1.8239087409443189
2.3010299956639813
1.8037053548560318
3.146128035678238
1.5898255349109507
3.146128035678238
1.4471580313422192
3.146128035678238
0.8472749592685314
2.2430380486862944
2.4471580313422194
1.5026753591920505
2.4471580313422194
1.375276024036094
3.146128035678238
2.845098040014257
3.146128035678238
2.845098040014257
2.146128035678238
1.1418066618955955
2.4471580313422194
2.845098040014257
3.146128035678238
3.146128035678238
1.73115468770742
2.4471580313422194
2.845098040014257
3.146128035678238
2.6690067809585756
3.146128035678238
3.146128035678238
1.282805175557782
3.146128035678238
2.845098040014257
3.146128035678238
0.8628268069746884
1.9420080530223132
1.3072789449409827
1.4929155219028944
1.5550634286517389
2.845098040014257
2.3679767852945943
2.146128035678238
2.6690067809585756
1.0705810742857074
3.146128035678238
1.0892231843417655
2.5440680443502757
2.6690067809585756
2.6690067809585756
2.6690067809585756
3.146128035678238
3.146128035678238
0.9817751798938009
3.146128035678238
3.146128035678238
0.7750601734065017
1.4740301777425207
1.4929155219028944
2.3679767852945943
2.5440680443502757
1.867374434725409
2.3679767852945943
2.845098040014257
3.146128035678238
3.146128035678238
3.146128035678238
3.146128035678238
2.3679767852945943
2.2430380486862944
2.146128035678238
2.6690067809585756
3.146128035678238
1.915679114299964
2.845098040014257
2.6690067809585756
2.2430380486862944
3.146128035678238
2.4471580313422194
2.4471580313422194
2.146128035678238
3.146128035678238
0.2664588300461845
2.0321846833714012
2.6690067809585756
3.146128035678238
2.845098040014257
2.6690067809585756
3.146128035678238
0.4919514938002775
3.146128035678238
2.3010299956639813
3.146128035678238
3.146128035678238
3.146128035678238
2.845098040014257
3.146128035678238
3.146128035678238
2.845098040014257
3.146128035678238
1.73115468770742
3.146128035678238
2.191885526238913
2.4471580313422194
3.146128035678238
3.146128035678238
1.9700367766225568
3.146128035678238
0.8696662315049939
3.146128035678238
2.3679767852945943
3.146128035678238
3.146128035678238
2.3010299956639813
2.4471580313422194
3.146128035678238
1.3399480616943509
2.3679767852945943
1.5333441789585025
2.845098040014257
3.146128035678238
1.9700367766225568
1.7147642715192508
2.191885526238913
3.146128035678238
3.146128035678238
2.845098040014257
3.146128035678238
2.3010299956639813
3.146128035678238
1.430124692043439
1.6989700043360187
2.845098040014257
3.146128035678238
3.146128035678238
1.3200532329774117
3.146128035678238
1.8037053548560318
0.7196167743136629
2.845098040014257
0.7245241088084069
0.9105995887706891
1.4929155219028944
2.3010299956639813
2.845098040014257
1.1249387366083
1.271066772286538
1.867374434725409
2.0
1.5550634286517389
1.5898255349109507
1.915679114299964
3.146128035678238
3.146128035678238
0.9729417672659639
3.146128035678238
1.405765346183994
3.146128035678238
2.845098040014257
3.146128035678238
2.845098040014257
3.146128035678238
2.5440680443502757
3.146128035678238
2.845098040014257
2.845098040014257
2.191885526238913
3.146128035678238
3.146128035678238
1.0892231843417655
3.146128035678238
2.2430380486862944
3.146128035678238
1.3265841001363694
3.146128035678238
2.5440680443502757
1.3332146790353825
2.0
1.7147642715192508
2.066946789630613
3.146128035678238
3.146128035678238
1.3200532329774117
3.146128035678238
3.146128035678238
1.5228787452803376
3.146128035678238
3.146128035678238
3.146128035678238
3.146128035678238
3.146128035678238
1.7481880270062005
2.146128035678238
2.5440680443502757
2.6690067809585756
0.9393021596463883
3.146128035678238
3.146128035678238
3.146128035678238
1.4559319556497243
2.845098040014257
6.208642685754017E-4
1.73115468770742
2.845098040014257
3.146128035678238
2.845098040014257
1.890855530574932
2.3010299956639813
2.3010299956639813
2.845098040014257
2.0321846833714012
3.146128035678238
1.405765346183994
3.146128035678238
2.845098040014257
1.8239087409443189
1.890855530574932
2.845098040014257
0.04713839627706069
0.6690067809585756
3.146128035678238
2.845098040014257
1.4559319556497243
3.146128035678238
1.2218487496163564
1.282805175557782
2.0321846833714012
2.5440680443502757
1.6020599913279623
1.1290946963794577
3.146128035678238
1.4929155219028944
1.5898255349109507
2.3010299956639813
2.5440680443502757
2.6690067809585756
2.4471580313422194
1.1249387366083
2.845098040014257
3.146128035678238
1.9700367766225568
2.3010299956639813
2.4471580313422194
1.063342665361788
3.146128035678238
1.4833702039966639
1.5026753591920505
2.6690067809585756
3.146128035678238
2.845098040014257
3.146128035678238
3.146128035678238
2.6690067809585756
3.146128035678238
2.5440680443502757
3.146128035678238
3.146128035678238
3.146128035678238
3.146128035678238
1.9420080530223132
3.146128035678238
2.6690067809585756
2.5440680443502757
1.73115468770742
3.146128035678238
1.890855530574932
3.146128035678238
0.7825160557860937
3.146128035678238
3.146128035678238
2.5440680443502757
2.6690067809585756
2.6690067809585756
3.146128035678238
3.146128035678238
3.146128035678238
2.3010299956639813
2.6690067809585756
3.146128035678238
3.146128035678238
1.845098040014257
2.845098040014257
1.8239087409443189
1.9420080530223132
3.146128035678238
3.146128035678238
3.146128035678238
3.146128035678238
3.146128035678238
3.146128035678238
3.146128035678238
3.146128035678238
3.146128035678238
3.146128035678238
2.2430380486862944
1.5026753591920505
2.845098040014257
3.146128035678238
3.146128035678238
2.845098040014257
3.146128035678238
2.845098040014257
2.845098040014257
3.146128035678238
2.6690067809585756
2.6690067809585756
3.146128035678238
3.146128035678238
3.146128035678238
2.845098040014257
3.146128035678238
2.3679767852945943
3.146128035678238
3.146128035678238
1.9420080530223132
1.9700367766225568
2.845098040014257
2.191885526238913
2.845098040014257
1.0355383253789892
2.845098040014257
3.146128035678238
3.146128035678238
1.1332908109730657
3.146128035678238
2.5440680443502757
2.6690067809585756
1.177645087124303
3.146128035678238
2.4471580313422194
3.146128035678238
2.5440680443502757
0.9557963375079466
1.2430380486862944
3.146128035678238
1.7844001996606451
1.5126595800986515
2.6690067809585756
3.146128035678238
0.3971651744220766
0.85609342431572
3.146128035678238
2.191885526238913
2.6690067809585756
0.0
0.2551484386885491
2.4471580313422194
1.7481880270062005
3.146128035678238
2.6690067809585756
1.915679114299964
3.146128035678238
3.146128035678238
1.177645087124303
2.4471580313422194
0.48148606012211254
3.146128035678238
2.3010299956639813
3.146128035678238
0.2302008239811222
2.6690067809585756
3.146128035678238
3.146128035678238
1.045757490560675
2.4471580313422194
3.146128035678238
3.146128035678238
3.146128035678238
2.845098040014257
3.146128035678238
2.3679767852945943
2.6690067809585756
3.146128035678238
2.845098040014257
3.146128035678238
1.9420080530223132
1.2540334329877576
2.0
3.146128035678238
3.146128035678238
1.146128035678238
0.7997750612275994
2.845098040014257
2.6690067809585756
0.709965388637482
2.3679767852945943
2.3679767852945943
3.146128035678238
3.146128035678238
0.7623126696978068
2.845098040014257
2.104735350520013
1.867374434725409
0.32724262108422814
3.146128035678238
1.867374434725409
3.146128035678238
0.8766150914603217
2.845098040014257
1.915679114299964
1.9700367766225568
2.191885526238913
1.6837300377792819
1.7147642715192508
1.9700367766225568
0.8650946684305105
3.146128035678238
1.2016453635280693
1.5550634286517389
3.146128035678238
2.6690067809585756
3.146128035678238
2.191885526238913
2.2430380486862944
1.4559319556497243
3.146128035678238
3.146128035678238
0.7311546877074201
2.3679767852945943
2.066946789630613
1.3200532329774117
1.867374434725409
3.146128035678238
2.146128035678238
3.146128035678238
3.146128035678238
2.845098040014257
2.104735350520013
2.3010299956639813
2.845098040014257
1.5228787452803376
3.146128035678238
2.4471580313422194
1.8037053548560318
2.3679767852945943
1.6547663418439653
2.845098040014257
2.3010299956639813
3.146128035678238
2.3679767852945943
3.146128035678238
2.845098040014257
1.8037053548560318
2.6690067809585756
2.4471580313422194
2.4471580313422194
3.146128035678238
3.146128035678238
2.6690067809585756
3.146128035678238
3.146128035678238
2.6690067809585756
3.146128035678238
3.146128035678238
2.845098040014257
2.845098040014257
3.146128035678238
2.845098040014257
3.146128035678238
3.146128035678238
0.10870153773761441
3.146128035678238
2.3679767852945943
2.066946789630613
0.0
3.146128035678238
2.6690067809585756
1.890855530574932
2.6690067809585756
3.146128035678238
3.146128035678238
2.104735350520013
3.146128035678238
1.5126595800986515
0.8450980400142568
3.146128035678238
0.7481880270062004
1.73115468770742
3.146128035678238
2.4471580313422194
2.6690067809585756
2.845098040014257
1.3265841001363694
0.9557963375079466
2.6690067809585756
2.845098040014257
3.146128035678238
1.0255541044723882
3.146128035678238
2.6690067809585756
0.7005238324046404
1.5663444390614278
1.9700367766225568
3.146128035678238
1.0321846833714012
1.7147642715192508
3.146128035678238
2.3010299956639813
1.614649118635983
2.3010299956639813
3.146128035678238
2.845098040014257
1.360798200667471
1.6837300377792819
1.4559319556497243
2.845098040014257
1.7481880270062005
2.845098040014257
3.146128035678238
2.5440680443502757
2.3679767852945943
2.104735350520013
3.146128035678238
3.146128035678238
0.12411229586051778
1.3072789449409827
2.3010299956639813
3.146128035678238
1.4137342758552696
3.146128035678238
2.3679767852945943
1.2485009443877966
1.2596373105057561
2.3010299956639813
2.146128035678238
0.6437009156938054
2.4471580313422194
1.6989700043360187
2.6690067809585756
2.845098040014257
2.845098040014257
2.5440680443502757
1.5550634286517389
1.9700367766225568
2.845098040014257
3.146128035678238
3.146128035678238
2.6690067809585756
0.6057985608873643
2.191885526238913
2.146128035678238
1.7481880270062005
3.146128035678238
0.5922450090343637
1.845098040014257
2.845098040014257
1.6690067809585756
2.845098040014257
1.6989700043360187
2.5440680443502757
2.6690067809585756
3.146128035678238
3.146128035678238
1.765916793966632
2.6690067809585756
2.6690067809585756
2.5440680443502757
3.146128035678238
1.2948696869591627
3.146128035678238
1.3399480616943509
3.146128035678238
2.845098040014257
3.146128035678238
2.0321846833714012
2.845098040014257
3.146128035678238
2.5440680443502757
3.146128035678238
1.8239087409443189
3.146128035678238
3.146128035678238
2.2430380486862944
2.104735350520013
1.3332146790353825
2.845098040014257
1.915679114299964
2.4471580313422194
1.5898255349109507
2.845098040014257
3.146128035678238
1.5228787452803376
1.73115468770742
0.8494628454167069
2.4471580313422194
3.146128035678238
1.1208221704134678
2.104735350520013
2.2430380486862944
3.146128035678238
1.845098040014257
2.5440680443502757
2.3010299956639813
1.6837300377792819
0.8037053548560318
3.146128035678238
3.146128035678238
2.4471580313422194
0.4301246920434389
1.765916793966632
2.066946789630613
2.6690067809585756
2.845098040014257
3.146128035678238
3.146128035678238
3.146128035678238
3.146128035678238
1.7844001996606451
3.146128035678238
3.146128035678238
0.7901021784851153
3.146128035678238
3.146128035678238
2.845098040014257
2.845098040014257
2.066946789630613
3.146128035678238
2.845098040014257
2.6690067809585756
3.146128035678238
3.146128035678238
2.4471580313422194
3.146128035678238
2.0
3.146128035678238
3.146128035678238
3.146128035678238
2.3010299956639813
2.845098040014257
3.146128035678238
2.845098040014257
1.6989700043360187
1.3679767852945943
3.146128035678238
2.5440680443502757
1.0355383253789892
2.4471580313422194
0.958607314841775
2.845098040014257
1.9420080530223132
2.3010299956639813
2.3679767852945943
1.375276024036094
3.146128035678238
3.146128035678238
3.146128035678238
3.146128035678238
2.104735350520013
2.845098040014257
1.1823402083326828
3.146128035678238
0.02819420063859658
1.1549019599857433
3.146128035678238
3.146128035678238
1.3467874862246563
0.09458964516291062
3.146128035678238
2.845098040014257
2.3010299956639813
3.146128035678238
2.6690067809585756
2.4471580313422194
3.146128035678238
0.8673744347254091
3.146128035678238
2.146128035678238
2.5440680443502757
2.3679767852945943
3.146128035678238
1.6547663418439653
2.6690067809585756
3.146128035678238
3.146128035678238
2.2430380486862944
3.146128035678238
1.7481880270062005
1.3679767852945943
0.43770713554352525
2.5440680443502757
0.2551484386885491
0.4137342758552695
2.845098040014257
3.146128035678238
3.146128035678238
2.5440680443502757
2.3679767852945943
3.146128035678238
2.0321846833714012
1.1249387366083
1.3902531800057467
3.146128035678238
3.146128035678238
3.146128035678238
3.146128035678238
1.6837300377792819
1.915679114299964
2.845098040014257
2.6690067809585756
1.4385578595803017
1.6989700043360187
2.146128035678238
2.845098040014257
2.845098040014257
3.146128035678238
1.7844001996606451
2.5440680443502757
0.6547663418439654
2.4471580313422194
0.9286440914643317
0.9502283832690043
1.2066087830596195
3.146128035678238
1.2887955392469694
1.1375278639163204
1.765916793966632
1.1127042801912883
3.146128035678238
1.6690067809585756
2.3010299956639813
1.9420080530223132
2.845098040014257
2.191885526238913
2.5440680443502757
3.146128035678238
3.146128035678238
2.0
2.4471580313422194
2.845098040014257
2.6690067809585756
2.4471580313422194
1.9420080530223132
1.6276140958003504
3.146128035678238
1.0705810742857074
2.191885526238913
1.1290946963794577
1.5440680443502757
2.5440680443502757
1.4833702039966639
3.146128035678238
3.146128035678238
3.146128035678238
1.845098040014257
2.3010299956639813
3.146128035678238
3.146128035678238
2.845098040014257
2.845098040014257
3.146128035678238
3.146128035678238
1.9420080530223132
1.0562229242388401
2.845098040014257
3.146128035678238
3.146128035678238
0.5862214106421255
3.146128035678238
2.845098040014257
2.4471580313422194
2.6690067809585756
3.146128035678238
3.146128035678238
2.4471580313422194
1.6276140958003504
1.6547663418439653
2.6690067809585756
2.845098040014257
1.6690067809585756
1.2653144433974468
3.146128035678238
0.9758663202832807
3.146128035678238
3.146128035678238
3.146128035678238
3.146128035678238
0.2244415601946359
2.845098040014257
2.191885526238913
2.3010299956639813
3.146128035678238
2.845098040014257
1.5126595800986515
2.3010299956639813
1.3827000421153008
1.577926311611243
3.146128035678238
2.104735350520013
2.3679767852945943
3.146128035678238
3.146128035678238
2.845098040014257
1.845098040014257
2.845098040014257
1.7844001996606451
1.8239087409443189
2.6690067809585756
3.146128035678238
3.146128035678238
3.146128035678238
1.6690067809585756
2.4471580313422194
3.146128035678238
6.208642685754017E-4
3.146128035678238
2.6690067809585756
3.146128035678238
0.8037053548560318
1.577926311611243
3.146128035678238
2.6690067809585756
2.845098040014257
1.7147642715192508
2.6690067809585756
2.066946789630613
1.4385578595803017
3.146128035678238
3.146128035678238
2.3679767852945943
1.0
2.2430380486862944
2.5440680443502757
3.146128035678238
0.9557963375079466
3.146128035678238
1.2066087830596195
1.890855530574932
3.146128035678238
0.6450687734604865
2.4471580313422194
1.3200532329774117
1.577926311611243
2.6690067809585756
2.3679767852945943
0.9877655435829883
1.614649118635983
0.6719117716019828
3.146128035678238
2.191885526238913
1.9420080530223132
0.0062489492770015425
1.5898255349109507
1.5898255349109507
1.6690067809585756
2.845098040014257
3.146128035678238
1.430124692043439
2.3679767852945943
1.8239087409443189
2.0
3.146128035678238
1.4833702039966639
3.146128035678238
2.4471580313422194
2.5440680443502757
2.191885526238913
2.845098040014257
3.146128035678238
3.146128035678238
1.73115468770742
3.146128035678238
2.3010299956639813
1.2887955392469694
2.0
2.191885526238913
1.1918855262389132
2.2430380486862944
2.6690067809585756
2.3679767852945943
3.146128035678238
2.146128035678238
2.3010299956639813
2.6690067809585756
1.890855530574932
2.845098040014257
1.73115468770742
1.73115468770742
1.7481880270062005
3.146128035678238
1.4137342758552696
3.146128035678238
2.6690067809585756
3.146128035678238
3.146128035678238
3.146128035678238
3.146128035678238
2.5440680443502757
0.9131319252860842
3.146128035678238
3.146128035678238
1.405765346183994
2.845098040014257
3.146128035678238
2.2430380486862944
3.146128035678238
2.6690067809585756
0.8860566476931633
1.3332146790353825
2.5440680443502757
3.146128035678238
1.9700367766225568
1.6020599913279623
3.146128035678238
3.146128035678238
2.3010299956639813
2.6690067809585756
2.845098040014257
1.5663444390614278
2.845098040014257
1.6837300377792819
0.9105995887706891
3.146128035678238
2.0
3.146128035678238
3.146128035678238
2.4471580313422194
3.146128035678238
2.3679767852945943
2.4471580313422194
2.845098040014257
0.5674888257101657
3.146128035678238
0.9234115645306548
1.73115468770742
3.146128035678238
1.7147642715192508
2.3679767852945943
2.2430380486862944
1.4833702039966639
2.066946789630613
3.146128035678238
1.430124692043439
2.845098040014257
2.146128035678238
3.146128035678238
2.845098040014257
2.146128035678238
2.6690067809585756
0.7447274948966939
3.146128035678238
2.5440680443502757
3.146128035678238
3.146128035678238
1.7147642715192508
1.1375278639163204
1.1208221704134678
1.9700367766225568
2.4471580313422194
1.3902531800057467
3.146128035678238
0.9847600334432631
1.421852166077449
3.146128035678238
3.146128035678238
2.3679767852945943
2.104735350520013
2.3679767852945943
3.146128035678238
2.845098040014257
3.146128035678238
2.6690067809585756
1.7481880270062005
2.845098040014257
2.845098040014257
2.3679767852945943
2.3679767852945943
2.845098040014257
3.146128035678238
1.1684044303893903
1.0930495921948182
1.7844001996606451
0.9557963375079466
2.845098040014257
2.0321846833714012
2.2430380486862944
1.5026753591920505
0.3066499883040396
3.146128035678238
2.191885526238913
2.2430380486862944
3.146128035678238
3.146128035678238
3.146128035678238
0.7147642715192507
2.0321846833714012
1.73115468770742
2.845098040014257
1.4648867983026508
2.6690067809585756
1.3010299956639813
2.845098040014257
0.8628268069746884
0.43432080663704703
3.146128035678238
2.845098040014257
0.441120076344902
3.146128035678238
3.146128035678238
3.146128035678238
2.6690067809585756
2.5440680443502757
2.146128035678238
1.6547663418439653
3.146128035678238
2.104735350520013
1.5228787452803376
3.146128035678238
2.845098040014257
1.5026753591920505
2.845098040014257
2.3010299956639813
3.146128035678238
0.895708033369344
0.15401654789128835
3.146128035678238
1.614649118635983
3.146128035678238
0.6146491186359828
1.915679114299964
3.146128035678238
3.146128035678238
2.066946789630613
2.066946789630613
1.7481880270062005
2.5440680443502757
1.8037053548560318
3.146128035678238
2.5440680443502757
1.4471580313422192
2.3679767852945943
2.146128035678238
2.845098040014257
1.276896315947262
3.146128035678238
2.146128035678238
1.1249387366083
3.146128035678238
2.146128035678238
1.405765346183994
3.146128035678238
3.146128035678238
3.146128035678238
0.20810893820202772
2.2430380486862944
3.146128035678238
1.9420080530223132
1.73115468770742
3.146128035678238
2.6690067809585756
3.146128035678238
6.208642685754017E-4
2.5440680443502757
2.845098040014257
1.9700367766225568
2.6690067809585756
3.146128035678238
2.845098040014257
3.146128035678238
2.6690067809585756
3.146128035678238
2.845098040014257
2.0321846833714012
1.9700367766225568
3.146128035678238
2.066946789630613
3.146128035678238
3.146128035678238
1.7147642715192508
1.3467874862246563
1.360798200667471
2.104735350520013
1.614649118635983
3.146128035678238
2.4471580313422194
2.845098040014257
1.4740301777425207
3.146128035678238
2.845098040014257
3.146128035678238
2.3010299956639813
3.146128035678238
2.191885526238913
2.5440680443502757
1.765916793966632
2.845098040014257
3.146128035678238
2.6690067809585756
3.146128035678238
3.146128035678238
3.146128035678238
0.9758663202832807
2.5440680443502757
2.6690067809585756
2.845098040014257
3.146128035678238
2.0
2.5440680443502757
3.146128035678238
1.3265841001363694
2.845098040014257
1.3827000421153008
1.405765346183994
2.6690067809585756
2.5440680443502757
0.6822350466923307
3.146128035678238
1.045757490560675
1.9700367766225568
2.6690067809585756
2.6690067809585756
1.0
2.4471580313422194
2.845098040014257
2.845098040014257
3.146128035678238
3.146128035678238
1.4137342758552696
3.146128035678238
2.6690067809585756
1.8239087409443189
1.845098040014257
2.0321846833714012
2.845098040014257
1.8239087409443189
2.0
3.146128035678238
1.3399480616943509
2.6690067809585756
3.146128035678238
3.146128035678238
3.146128035678238
2.066946789630613
3.146128035678238
2.3679767852945943
2.2430380486862944
3.146128035678238
1.614649118635983
3.146128035678238
1.867374434725409
2.845098040014257
0.9671510883850686
3.146128035678238
3.146128035678238
2.4471580313422194
0.7641109931033696
3.146128035678238
3.146128035678238
1.1730001820785394
2.146128035678238
2.845098040014257
1.003113235424143
3.146128035678238
2.3010299956639813
3.146128035678238
1.2376430167995882
2.191885526238913
2.6690067809585756
3.146128035678238
1.045757490560675
3.146128035678238
3.146128035678238
2.845098040014257
2.104735350520013
2.191885526238913
2.845098040014257
1.8239087409443189
2.066946789630613
3.146128035678238
2.6690067809585756
0.8696662315049939
2.845098040014257
1.421852166077449
3.146128035678238
2.845098040014257
3.146128035678238
1.1684044303893903
3.146128035678238
3.146128035678238
2.5440680443502757
1.915679114299964
1.2016453635280693
3.146128035678238
3.146128035678238
3.146128035678238
2.5440680443502757
2.2430380486862944
1.6989700043360187
0.7659167939666319
3.146128035678238
3.146128035678238
3.146128035678238
3.146128035678238
2.845098040014257
3.146128035678238
3.146128035678238
2.5440680443502757
1.4648867983026508
2.6690067809585756
2.4471580313422194
3.146128035678238
3.146128035678238
2.845098040014257
3.146128035678238
2.6690067809585756
0.49291552190289434
0.6912831756697279
2.104735350520013
3.146128035678238
3.146128035678238
0.853871964321762
3.146128035678238
2.2430380486862944
2.845098040014257
2.5440680443502757
2.3679767852945943
0.7958800173440752
3.146128035678238
1.177645087124303
1.890855530574932
3.146128035678238
3.146128035678238
3.146128035678238
0.9671510883850686
2.5440680443502757
2.2430380486862944
3.146128035678238
0.6792604153241286
1.915679114299964
2.3010299956639813
1.0705810742857074
2.066946789630613
1.2948696869591627
1.405765346183994
1.3265841001363694
1.5898255349109507
0.9055787873956384
1.4559319556497243
2.6690067809585756
1.2948696869591627
3.146128035678238
3.146128035678238
3.146128035678238
3.146128035678238
2.146128035678238
2.0
2.191885526238913
1.9420080530223132
1.6409780573583321
2.845098040014257
1.8037053548560318
2.0321846833714012
2.845098040014257
2.5440680443502757
1.5333441789585025
3.146128035678238
2.2430380486862944
3.146128035678238
2.845098040014257
3.146128035678238
3.146128035678238
1.1730001820785394
2.3679767852945943
2.5440680443502757
2.845098040014257
2.0321846833714012
1.2066087830596195
3.146128035678238
2.845098040014257
2.845098040014257
3.146128035678238
3.146128035678238
1.4385578595803017
1.5663444390614278
1.5663444390614278
2.0
1.5663444390614278
3.146128035678238
2.0321846833714012
1.8037053548560318
3.146128035678238
2.0321846833714012
3.146128035678238
0.7395878552442828
2.845098040014257
1.7481880270062005
2.845098040014257
2.845098040014257
3.146128035678238
2.845098040014257
2.6690067809585756
1.7147642715192508
2.6690067809585756
3.146128035678238
3.146128035678238
1.1008050568915806
3.146128035678238
3.146128035678238
2.5440680443502757
2.5440680443502757
2.3679767852945943
2.845098040014257
1.5333441789585025
3.146128035678238
3.146128035678238
2.845098040014257
0.541901982593768
1.1967380290333252
2.845098040014257
2.191885526238913
1.7844001996606451
2.845098040014257
3.146128035678238
1.4137342758552696
2.845098040014257
3.146128035678238
3.146128035678238
2.3679767852945943
2.6690067809585756
1.5898255349109507
3.146128035678238
1.5898255349109507
2.6690067809585756
1.6020599913279623
2.6690067809585756
3.146128035678238
1.3979400086720377
1.7147642715192508
2.3010299956639813
2.845098040014257
3.146128035678238
2.4471580313422194
2.5440680443502757
0.8836769459478085
1.282805175557782
3.146128035678238
1.2376430167995882
1.845098040014257
2.146128035678238
3.146128035678238
2.146128035678238
2.6690067809585756
3.146128035678238
2.0321846833714012
2.845098040014257
0.7769121782680952
3.146128035678238
3.146128035678238
1.5440680443502757
1.5898255349109507
3.146128035678238
2.6690067809585756
2.845098040014257
3.146128035678238
2.2430380486862944
3.146128035678238
3.146128035678238
2.5440680443502757
3.146128035678238
3.146128035678238
2.4471580313422194
3.146128035678238
3.146128035678238
2.6690067809585756
3.146128035678238
3.146128035678238
3.146128035678238
3.146128035678238
1.915679114299964
3.146128035678238
2.3679767852945943
3.146128035678238
3.146128035678238
1.3902531800057467
1.421852166077449
2.845098040014257
2.6690067809585756
1.1167442579930285
1.1290946963794577
2.5440680443502757
3.146128035678238
1.73115468770742
3.146128035678238
2.845098040014257
1.052706350516003
2.845098040014257
2.6690067809585756
1.890855530574932
1.3979400086720377
1.8239087409443189
2.845098040014257
2.5440680443502757
2.5440680443502757
1.73115468770742
1.282805175557782
2.3679767852945943
1.2218487496163564
2.4471580313422194
1.4385578595803017
1.7147642715192508
2.2430380486862944
2.845098040014257
2.5440680443502757
1.0288567400224737
2.5440680443502757
3.146128035678238
2.6690067809585756
3.146128035678238
2.2430380486862944
2.3679767852945943
3.146128035678238
3.146128035678238
2.066946789630613
1.1375278639163204
1.6276140958003504
3.146128035678238
2.845098040014257
2.3679767852945943
1.405765346183994
1.5898255349109507
1.7844001996606451
2.5440680443502757
3.146128035678238
3.146128035678238
2.146128035678238
3.146128035678238
3.146128035678238
1.7844001996606451
3.146128035678238
2.6690067809585756
2.6690067809585756
3.146128035678238
3.146128035678238
2.4471580313422194
2.4471580313422194
1.6690067809585756
1.3679767852945943
3.146128035678238
3.146128035678238
2.6690067809585756
3.146128035678238
3.146128035678238
0.6033026087190582
1.6276140958003504
2.6690067809585756
1.845098040014257
1.405765346183994
3.146128035678238
0.958607314841775
2.6690067809585756
2.4471580313422194
2.3679767852945943
2.3679767852945943
2.066946789630613
3.146128035678238
2.845098040014257
1.4740301777425207
3.146128035678238
2.3010299956639813
3.146128035678238
3.146128035678238
1.150492841080688
2.6690067809585756
0.8218455803805453
3.146128035678238
0.7020832397601617
3.146128035678238
2.5440680443502757
1.1918855262389132
2.146128035678238
2.6690067809585756
2.6690067809585756
2.845098040014257
3.146128035678238
2.6690067809585756
1.8037053548560318
3.146128035678238
1.1549019599857433
1.5333441789585025
2.2430380486862944
3.146128035678238
2.845098040014257
2.845098040014257
1.5228787452803376
2.191885526238913
3.146128035678238
1.867374434725409
1.890855530574932
2.3010299956639813
2.845098040014257
1.4559319556497243
3.146128035678238
3.146128035678238
1.282805175557782
1.4559319556497243
1.4929155219028944
0.7261722871884801
1.6547663418439653
1.9420080530223132
2.845098040014257
3.146128035678238
2.845098040014257
3.146128035678238
2.845098040014257
3.146128035678238
3.146128035678238
2.845098040014257
2.3679767852945943
2.3010299956639813
2.3679767852945943
3.146128035678238
3.146128035678238
0.8037053548560318
2.3010299956639813
2.845098040014257
2.146128035678238
1.3072789449409827
2.066946789630613
2.845098040014257
3.146128035678238
2.845098040014257
2.3679767852945943
0.638272163982407
3.146128035678238
2.5440680443502757
3.146128035678238
2.5440680443502757
2.6690067809585756
2.066946789630613
1.5440680443502757
2.3010299956639813
2.5440680443502757
2.6690067809585756
3.146128035678238
3.146128035678238
2.845098040014257
1.6989700043360187
2.191885526238913
1.5026753591920505
2.146128035678238
2.845098040014257
3.146128035678238
2.845098040014257
3.146128035678238
0.9502283832690043
1.6989700043360187
3.146128035678238
3.146128035678238
2.845098040014257
3.146128035678238
1.1549019599857433
1.9420080530223132
6.208642685754017E-4
0.6912831756697279
0.9080819325494427
1.6547663418439653
2.4471580313422194
3.146128035678238
1.0125891273080205
3.146128035678238
2.6690067809585756
2.6690067809585756
3.146128035678238
0.36725356367549855
1.0562229242388401
1.3467874862246563
2.6690067809585756
3.146128035678238
2.845098040014257
0.49291552190289434
1.2270499433021642
2.6690067809585756
1.73115468770742
2.3010299956639813
2.845098040014257
2.845098040014257
2.3679767852945943
3.146128035678238
1.73115468770742
1.8239087409443189
2.845098040014257
3.146128035678238
3.146128035678238
2.0
1.104735350520013
2.0321846833714012
1.2116295844346703
2.2430380486862944
2.4471580313422194
3.146128035678238
2.3010299956639813
2.845098040014257
2.845098040014257
3.146128035678238
0.7245241088084069
3.146128035678238
0.5697866854724452
1.0125891273080205
2.4471580313422194
2.5440680443502757
2.066946789630613
2.845098040014257
1.0125891273080205
0.5136707434935138
0.6719117716019828
3.146128035678238
3.146128035678238
3.146128035678238
2.845098040014257
3.146128035678238
0.709965388637482
3.146128035678238
2.3679767852945943
0.03352303414366346
1.360798200667471
3.146128035678238
2.845098040014257
2.6690067809585756
2.191885526238913
0.8017357619931273
0.5116507655175064
2.845098040014257
2.191885526238913
1.577926311611243
3.146128035678238
2.845098040014257
1.2167091099639453
3.146128035678238
1.3265841001363694
3.146128035678238
2.4471580313422194
2.845098040014257
1.6547663418439653
2.3010299956639813
3.146128035678238
2.845098040014257
3.146128035678238
2.146128035678238
3.146128035678238
0.22967408712831294
0.8789563072752242
2.5440680443502757
2.845098040014257
0.8076715420736331
3.146128035678238
3.146128035678238
2.4471580313422194
3.146128035678238
1.7844001996606451
3.146128035678238
2.6690067809585756
3.146128035678238
3.146128035678238
2.6690067809585756
2.845098040014257
1.2218487496163564
2.3679767852945943
3.146128035678238
1.0222763947111522
2.4471580313422194
3.146128035678238
2.0321846833714012
3.146128035678238
1.6989700043360187
2.6690067809585756
2.845098040014257
1.6690067809585756
1.2596373105057561
2.6690067809585756
2.845098040014257
2.845098040014257
1.765916793966632
2.104735350520013
0.9671510883850686
2.6690067809585756
2.066946789630613
0.35725291990282126
2.845098040014257
1.430124692043439
3.146128035678238
2.3679767852945943
2.0
3.146128035678238
2.845098040014257
3.146128035678238
3.146128035678238
3.146128035678238
1.5333441789585025
3.146128035678238
2.191885526238913
2.3010299956639813
3.146128035678238
3.146128035678238
3.146128035678238
2.845098040014257
2.146128035678238
1.867374434725409
2.191885526238913
3.146128035678238
3.146128035678238
2.6690067809585756
2.4471580313422194
2.4471580313422194
1.6547663418439653
2.845098040014257
1.2066087830596195
3.146128035678238
2.6690067809585756
3.146128035678238
1.8239087409443189
3.146128035678238
3.146128035678238
3.146128035678238
0.061194460741521926
2.066946789630613
2.6690067809585756
3.146128035678238
2.845098040014257
3.146128035678238
3.146128035678238
1.5026753591920505
2.845098040014257
2.0
0.4958205125463016
2.845098040014257
3.146128035678238
3.146128035678238
0.874286429141739
3.146128035678238
1.3537363461799843
1.6690067809585756
1.1870866433571445
2.3010299956639813
3.146128035678238
2.3679767852945943
2.5440680443502757
1.430124692043439
2.845098040014257
2.146128035678238
1.7844001996606451
2.845098040014257
1.421852166077449
2.845098040014257
2.0321846833714012
2.146128035678238
1.0854301953246264
2.5440680443502757
1.5663444390614278
3.146128035678238
3.146128035678238
1.7481880270062005
0.3979400086720376
2.845098040014257
2.845098040014257
1.867374434725409
0.5640646727665293
3.146128035678238
3.146128035678238
2.3679767852945943
2.104735350520013
1.8239087409443189
2.6690067809585756
3.146128035678238
2.6690067809585756
2.845098040014257
2.146128035678238
2.845098040014257
2.2430380486862944
2.845098040014257
2.2430380486862944
3.146128035678238
1.3136191229720018
3.146128035678238
2.845098040014257
2.4471580313422194
2.845098040014257
0.9030899869919435
3.146128035678238
2.066946789630613
2.3679767852945943
3.146128035678238
3.146128035678238
0.9907919982131762
2.6690067809585756
1.6837300377792819
2.6690067809585756
2.4471580313422194
2.845098040014257
2.104735350520013
0.5187621790855054
3.146128035678238
1.9420080530223132
3.146128035678238
2.845098040014257
0.8981547693164313
1.5898255349109507
2.6690067809585756
3.146128035678238
3.146128035678238
9.316295640561368E-4
3.146128035678238
2.146128035678238
2.845098040014257
3.146128035678238
0.85609342431572
3.146128035678238
3.146128035678238
2.3010299956639813
3.146128035678238
3.146128035678238
3.146128035678238
3.146128035678238
3.146128035678238
2.845098040014257
2.845098040014257
2.6690067809585756
2.4471580313422194
2.5440680443502757
2.4471580313422194
2.845098040014257
3.146128035678238
3.146128035678238
2.4471580313422194
3.146128035678238
2.4471580313422194
3.146128035678238
2.845098040014257
2.6690067809585756
3.146128035678238
3.146128035678238
2.3010299956639813
3.146128035678238
2.3010299956639813
3.146128035678238
2.5440680443502757
3.146128035678238
1.915679114299964
2.4471580313422194
3.146128035678238
2.5440680443502757
3.146128035678238
3.146128035678238
3.146128035678238
2.5440680443502757
2.066946789630613
3.146128035678238
3.146128035678238
3.146128035678238
2.845098040014257
3.146128035678238
2.845098040014257
3.146128035678238
3.146128035678238
3.146128035678238
2.845098040014257
3.146128035678238
3.146128035678238
2.845098040014257
3.146128035678238
3.146128035678238
2.6690067809585756
3.146128035678238
2.4471580313422194
0.7695510786217261
2.4471580313422194
3.146128035678238
3.146128035678238
0.9502283832690043
2.3010299956639813
0.9700367766225568
1.6837300377792819
3.146128035678238
3.146128035678238
2.845098040014257
2.146128035678238
1.3979400086720377
3.146128035678238
1.6020599913279623
2.5440680443502757
2.0321846833714012
2.066946789630613
1.7844001996606451
2.6690067809585756
2.3679767852945943
2.4471580313422194
2.845098040014257
3.146128035678238
2.845098040014257
2.845098040014257
3.146128035678238
3.146128035678238
3.146128035678238
2.845098040014257
3.146128035678238
2.845098040014257
3.146128035678238
3.146128035678238
3.146128035678238
3.146128035678238
3.146128035678238
3.146128035678238
2.845098040014257
3.146128035678238
2.845098040014257
3.146128035678238
2.2430380486862944
1.5663444390614278
2.6690067809585756
2.845098040014257
3.146128035678238
2.066946789630613
3.146128035678238
2.5440680443502757
3.146128035678238
3.146128035678238
3.146128035678238
2.845098040014257
2.6690067809585756
2.2430380486862944
3.146128035678238
1.282805175557782
1.5898255349109507
1.5898255349109507
3.146128035678238
2.4471580313422194
3.146128035678238
0.1762463919317381
2.845098040014257
2.6690067809585756
3.146128035678238
3.146128035678238
3.146128035678238
1.3467874862246563
3.146128035678238
1.5663444390614278
2.845098040014257
3.146128035678238
1.7844001996606451
0.014509371329112487
0.2244415601946359
2.6690067809585756
1.276896315947262
0.5779263116112431
2.5440680443502757
3.146128035678238
2.845098040014257
3.146128035678238
1.2596373105057561
2.3679767852945943
3.146128035678238
1.867374434725409
2.845098040014257
2.191885526238913
3.146128035678238
0.49291552190289434
1.2270499433021642
3.146128035678238
3.146128035678238
1.0
1.8037053548560318
0.958607314841775
2.845098040014257
2.104735350520013
1.3679767852945943
3.146128035678238
0.6505836981317896
3.146128035678238
3.146128035678238
3.146128035678238
1.360798200667471
2.5440680443502757
3.146128035678238
3.146128035678238
0.8813102126687016
1.7481880270062005
1.9420080530223132
2.6690067809585756
3.146128035678238
2.3010299956639813
2.3679767852945943
2.146128035678238
3.146128035678238
1.5126595800986515
3.146128035678238
2.3010299956639813
0.32724262108422814
1.7147642715192508
1.4740301777425207
2.845098040014257
2.5440680443502757
2.845098040014257
1.7844001996606451
1.2653144433974468
2.845098040014257
3.146128035678238
3.146128035678238
2.845098040014257
3.146128035678238
2.2430380486862944
1.276896315947262
2.5440680443502757
1.3467874862246563
3.146128035678238
1.104735350520013
2.6690067809585756
2.845098040014257
2.146128035678238
2.6690067809585756
3.146128035678238
2.6690067809585756
3.146128035678238
3.146128035678238
1.7481880270062005
3.146128035678238
1.6837300377792819
1.6409780573583321
1.4471580313422192
2.845098040014257
2.5440680443502757
2.146128035678238
3.146128035678238
0.02621262542024694
0.2979389186868393
2.845098040014257
1.3200532329774117
3.146128035678238
1.4833702039966639
3.146128035678238
2.845098040014257
0.8884494608090535
3.146128035678238
2.845098040014257
1.177645087124303
3.146128035678238
3.146128035678238
3.146128035678238
3.146128035678238
2.845098040014257
1.73115468770742
3.146128035678238
2.0
0.8239087409443188
3.146128035678238
2.3679767852945943
3.146128035678238
2.5440680443502757
3.146128035678238
3.146128035678238
1.7844001996606451
2.845098040014257
3.146128035678238
3.146128035678238
2.845098040014257
2.3010299956639813
1.5228787452803376
3.146128035678238
1.5898255349109507
1.6020599913279623
3.146128035678238
2.5440680443502757
3.146128035678238
0.9208187539523752
3.146128035678238
2.845098040014257
3.146128035678238
2.845098040014257
2.845098040014257
3.146128035678238
2.4471580313422194
1.845098040014257
2.2430380486862944
2.3010299956639813
3.146128035678238
2.066946789630613
3.146128035678238
2.4471580313422194
2.5440680443502757
3.146128035678238
2.845098040014257
3.146128035678238
2.4471580313422194
1.845098040014257
1.5333441789585025
1.3537363461799843
3.146128035678238
2.104735350520013
3.146128035678238
1.765916793966632
3.146128035678238
1.1870866433571445
2.845098040014257
3.146128035678238
1.0321846833714012
2.6690067809585756
3.146128035678238
2.5440680443502757
2.2430380486862944
0.8017357619931273
2.5440680443502757
2.845098040014257
3.146128035678238
3.146128035678238
2.845098040014257
3.146128035678238
1.845098040014257
3.146128035678238
3.146128035678238
3.146128035678238
1.1167442579930285
1.271066772286538
2.845098040014257
2.845098040014257
2.845098040014257
3.146128035678238
2.4471580313422194
3.146128035678238
2.845098040014257
1.0321846833714012
2.3679767852945943
3.146128035678238
3.146128035678238
3.146128035678238
2.845098040014257
2.2430380486862944
2.845098040014257
3.146128035678238
3.146128035678238
3.146128035678238
2.6690067809585756
2.104735350520013
2.2430380486862944
2.0
0.07277633329133706
3.146128035678238
3.146128035678238
0.07131159503306327
3.146128035678238
1.5898255349109507
1.915679114299964
3.146128035678238
3.146128035678238
1.9420080530223132
1.276896315947262
2.5440680443502757
2.5440680443502757
3.146128035678238
3.146128035678238
0.5539512782823712
2.845098040014257
3.146128035678238
3.146128035678238
3.146128035678238
1.0255541044723882
3.146128035678238
3.146128035678238
3.146128035678238
2.0321846833714012
3.146128035678238
3.146128035678238
2.845098040014257
