1: 495, 556, 738, 1356, 557, 472, 491, 654, 273, 25, 1186, 20, 1314, 508, 72, 1327, 370, 572, 540, 843, 28, 1310, 1157, 1389, 305, 570, 567, 593, 525, 1248, 192, 147, 1307, 110, 1218, 242, 190, 360, 1280, 64, 1231, 889, 494, 1319, 473, 27, 184, 180, 402, 939, 421, 802, 634, 232, 304, 301, 1274, 36, 629, 177, 334, 160, 1156, 1149, 1037, 641, 132, 1258, 93, 411, 279, 300, 308, 688, 1106, 517, 335, 35, 1108, 1192, 263, 435, 349, 321, 65, 1000, 456, 58, 1124, 1200, 1375, 284, 317, 665, 2, 201, 667, 670, 1387, 777
2: 941, 650, 270, 1221, 704, 1223, 112, 649, 966, 631, 1094, 543, 491, 245, 506, 742, 1232, 1164, 493, 1209, 34, 624, 33, 387, 590, 805, 652, 325, 671, 351, 1289, 1237, 1144, 391, 1222, 253, 602, 592, 1132, 479, 806, 557, 1066, 807, 556, 1165, 749, 792, 438, 206, 287, 917, 1379, 215, 632, 1162, 982, 52, 1167, 86, 1332, 1339, 203, 338, 987, 791, 708, 860, 717, 11, 588, 1009, 783, 687, 1103, 498, 453, 1227, 753, 634, 1074, 1168, 576, 276, 324, 1380, 1203, 739, 810, 809, 781, 1161, 1331, 1064, 1088, 1334, 698, 606, 1091, 14
3: 496, 643, 199, 903, 660, 38, 440, 880, 503, 1268, 801, 468, 526, 520, 469, 1099, 853, 1183, 197, 1056, 415, 1242, 594, 1332, 879, 1334, 1153, 312, 313, 713, 1290, 1163, 467, 258, 961, 837, 797, 231, 876, 124, 316, 1154, 1006, 1037, 778, 577, 1260, 27, 335, 516, 1017, 143, 1286, 1224, 917, 498, 587, 1338, 918, 701, 780, 815, 872, 1043, 403, 140, 1339, 521, 1294, 404, 235, 1364, 1052, 431, 97, 118, 824, 191, 1207, 1157, 927, 573, 214, 1309, 262, 1320, 711, 455, 1326, 1220, 707, 924, 44, 357, 709, 1341, 564, 563, 1235, 252
4: 64, 170, 132, 1364, 166, 402, 256, 608, 411, 798, 439, 345, 65, 296, 721, 129, 335, 903, 190, 1303, 1157, 490, 1156, 1314, 319, 334, 1319, 71, 1248, 973, 1274, 570, 568, 770, 1313, 572, 1312, 1327, 969, 1228, 63, 1315, 998, 169, 540, 358, 216, 291, 171, 1389, 630, 308, 326, 178, 124, 757, 373, 569, 1395, 1195, 209, 134, 207, 310, 110, 25, 667, 1107, 1288, 403, 612, 1203, 192, 939, 1011, 329, 39, 517, 1151, 72, 523, 556, 805, 415, 306, 504, 938, 1179, 217, 665, 1244, 263, 1257, 151, 1264, 983, 309, 26, 1220, 97
5: 462, 761, 1097, 866, 1117, 1025, 1099, 1043, 463, 509, 1279, 553, 542, 1065, 1096, 1100, 1340, 981, 592, 1015, 1027, 1127, 982, 1098, 1024, 707, 817, 952, 119, 1042, 1071, 836, 818, 890, 691, 82, 949, 259, 762, 829, 37, 1322, 403, 586, 766, 822, 1199, 862, 1269, 524, 1010, 77, 328, 840, 870, 740, 1136, 796, 646, 974, 609, 559, 51, 1167, 658, 436, 405, 1072, 1054, 773, 1368, 837, 1011, 1392, 797, 260, 739, 1312, 159, 1330, 274, 23, 1376, 536, 820, 877, 1123, 87, 299, 48, 1287, 1019, 117, 583, 110, 131, 856, 167, 859, 81
6: 498, 1255, 814, 248, 447, 494, 231, 803, 93, 106, 1301, 1112, 1006, 682, 826, 1383, 259, 410, 976, 161, 326, 1286, 468, 927, 1328, 920, 1124, 528, 325, 94, 1098, 412, 1043, 493, 25, 266, 1005, 849, 435, 146, 269, 1108, 801, 261, 363, 669, 160, 1358, 1259, 1243, 61, 372, 551, 916, 652, 878, 1239, 234, 349, 382, 1048, 1297, 1271, 443, 192, 60, 360, 802, 446, 983, 607, 270, 869, 1393, 154, 318, 414, 1188, 808, 1197, 1399, 1397, 88, 662, 279, 922, 677, 85, 918, 1071, 1304, 1221, 1062, 257, 552, 197, 644, 433, 1149, 273
7: 445, 1301, 1108, 1281, 498, 700, 814, 803, 916, 494, 987, 826, 527, 410, 94, 551, 1220, 106, 641, 148, 372, 336, 373, 1206, 682, 1253, 607, 1383, 655, 248, 2, 284, 60, 714, 672, 1304, 326, 422, 801, 1036, 389, 1112, 25, 1197, 188, 160, 577, 269, 644, 266, 179, 920, 1255, 1239, 1124, 528, 4, 1243, 61, 87, 1098, 468, 412, 927, 231, 349, 652, 1179, 751, 1393, 146, 1149, 849, 1083, 44, 362, 97, 1006, 730, 1072, 662, 1201, 1137, 261, 983, 601, 363, 907, 669, 435, 1358, 1259, 154, 831, 1043, 257, 161, 963, 368, 1235
8: 492, 498, 197, 248, 947, 1231, 354, 1115, 122, 803, 1005, 1307, 1301, 801, 1347, 234, 988, 443, 708, 1192, 106, 231, 1006, 69, 189, 435, 1112, 1214, 688, 360, 1114, 1124, 1352, 927, 373, 815, 1104, 1262, 48, 999, 468, 1304, 1350, 225, 717, 56, 1186, 410, 993, 32, 1000, 808, 1218, 232, 25, 196, 154, 1179, 709, 124, 662, 146, 1108, 312, 946, 1077, 421, 1243, 1310, 802, 161, 1259, 922, 1145, 27, 291, 712, 195, 1239, 1171, 433, 447, 1277, 1285, 58, 414, 1339, 1193, 1351, 19, 1393, 698, 186, 572, 1263, 192, 423, 1062, 1043, 273
9: 660, 842, 303, 706, 803, 554, 1346, 1348, 1260, 164, 982, 944, 93, 1279, 82, 868, 237, 1382, 1149, 853, 1000, 448, 163, 44, 987, 594, 460, 880, 509, 716, 1309, 1242, 249, 434, 482, 1261, 713, 1119, 140, 1079, 453, 1153, 1074, 85, 1161, 498, 1062, 1347, 260, 1072, 404, 27, 1264, 1339, 824, 270, 231, 446, 1295, 978, 69, 1345, 977, 204, 523, 217, 414, 525, 1248, 122, 1031, 34, 234, 304, 797, 186, 355, 1130, 830, 440, 353, 1262, 577, 1375, 432, 402, 1228, 1294, 988, 1146, 1396, 1081, 826, 479, 369, 449, 409, 318, 680, 1075
10: 500, 407, 270, 268, 300, 584, 33, 873, 450, 26, 120, 34, 267, 114, 339, 445, 265, 112, 104, 1348, 963, 88, 458, 625, 29, 396, 342, 571, 707, 569, 993, 269, 872, 925, 408, 655, 63, 334, 966, 158, 1375, 1368, 115, 864, 1355, 1111, 142, 331, 388, 909, 95, 666, 87, 159, 917, 1288, 102, 1276, 77, 1106, 509, 970, 421, 1344, 84, 351, 603, 348, 375, 171, 1154, 1371, 395, 5, 773, 1280, 1391, 975, 1097, 554, 91, 86, 456, 912, 1315, 132, 416, 123, 1184, 1073, 968, 1066, 71, 304, 781, 662, 1255, 1119, 1327, 452
