1: 495, 556, 738, 1356, 557, 472, 491, 654, 273, 25, 1186, 20, 1314, 508, 72, 1327, 370, 572, 540, 843, 28, 1310, 1157, 1389, 305, 570, 567, 593, 525, 1248, 192, 147, 1307, 110, 1218, 242, 190, 360, 1280, 64, 1231, 889, 494, 1319, 473, 27, 184, 180, 402, 939
2: 941, 650, 270, 1221, 704, 1223, 112, 649, 966, 631, 1094, 543, 491, 245, 506, 742, 1232, 1164, 493, 1209, 34, 624, 33, 387, 590, 805, 652, 325, 671, 351, 1289, 1237, 1144, 391, 1222, 253, 602, 592, 1132, 479, 806, 557, 1066, 807, 556, 1165, 749, 792, 438, 206
3: 496, 643, 199, 903, 660, 38, 440, 880, 503, 1268, 801, 468, 526, 520, 469, 1099, 853, 1183, 197, 1056, 415, 1242, 594, 1332, 879, 1334, 1153, 312, 313, 713, 1290, 1163, 467, 258, 961, 837, 797, 231, 876, 124, 316, 1154, 1006, 1037, 778, 577, 1260, 27, 335, 516
4: 64, 170, 132, 1364, 166, 402, 256, 608, 411, 798, 439, 345, 65, 296, 721, 129, 335, 903, 190, 1303, 1157, 490, 1156, 1314, 319, 334, 1319, 71, 1248, 973, 1274, 570, 568, 770, 1313, 572, 1312, 1327, 969, 1228, 63, 1315, 998, 169, 540, 358, 216, 291, 171, 1389
5: 462, 761, 1097, 866, 1117, 1025, 1099, 1043, 463, 509, 1279, 553, 542, 1065, 1096, 1100, 1340, 981, 592, 1015, 1027, 1127, 982, 1098, 1024, 707, 817, 952, 119, 1042, 1071, 836, 818, 890, 691, 82, 949, 259, 762, 829, 37, 1322, 403, 586, 766, 822, 1199, 862, 1269, 524
6: 498, 1255, 814, 248, 447, 494, 231, 803, 93, 106, 1301, 1112, 1006, 682, 826, 1383, 259, 410, 976, 161, 326, 1286, 468, 927, 1328, 920, 1124, 528, 325, 94, 1098, 412, 1043, 493, 25, 266, 1005, 849, 435, 146, 269, 1108, 801, 261, 363, 669, 160, 1358, 1259, 1243
7: 445, 1301, 1108, 1281, 498, 700, 814, 803, 916, 494, 987, 826, 527, 410, 94, 551, 1220, 106, 641, 148, 372, 336, 373, 1206, 682, 1253, 607, 1383, 655, 248, 2, 284, 60, 714, 672, 1304, 326, 422, 801, 1036, 389, 1112, 25, 1197, 188, 160, 577, 269, 644, 266
8: 492, 498, 197, 248, 947, 1231, 354, 1115, 122, 803, 1005, 1307, 1301, 801, 1347, 234, 988, 443, 708, 1192, 106, 231, 1006, 69, 189, 435, 1112, 1214, 688, 360, 1114, 1124, 1352, 927, 373, 815, 1104, 1262, 48, 999, 468, 1304, 1350, 225, 717, 56, 1186, 410, 993, 32
9: 660, 842, 303, 706, 803, 554, 1346, 1348, 1260, 164, 982, 944, 93, 1279, 82, 868, 237, 1382, 1149, 853, 1000, 448, 163, 44, 987, 594, 460, 880, 509, 716, 1309, 1242, 249, 434, 482, 1261, 713, 1119, 140, 1079, 453, 1153, 1074, 85, 1161, 498, 1062, 1347, 260, 1072
10: 500, 407, 270, 268, 300, 584, 33, 873, 450, 26, 120, 34, 267, 114, 339, 445, 265, 112, 104, 1348, 963, 88, 458, 625, 29, 396, 342, 571, 707, 569, 993, 269, 872, 925, 408, 655, 63, 334, 966, 158, 1375, 1368, 115, 864, 1355, 1111, 142, 331, 388, 909
