1: 495, 556, 738, 1356, 557, 472, 491, 654, 273, 25
2: 941, 650, 270, 1221, 704, 1223, 112, 649, 966, 631
3: 496, 643, 199, 903, 660, 38, 440, 880, 503, 1268
4: 64, 170, 132, 1364, 166, 402, 256, 608, 411, 798
5: 462, 761, 1097, 866, 1117, 1025, 1099, 1043, 463, 509
6: 498, 1255, 814, 248, 447, 494, 231, 803, 93, 106
7: 445, 1301, 1108, 1281, 498, 700, 814, 803, 916, 494
8: 492, 498, 197, 248, 947, 1231, 354, 1115, 122, 803
9: 660, 842, 303, 706, 803, 554, 1346, 1348, 1260, 164
10: 500, 407, 270, 268, 300, 584, 33, 873, 450, 26
